2024-08-03 14:54:18
../stream-replay/logs/stuttering-6205.txt
1722668015.5009615
1722668015.5107872
1722668015.5169234
1722668015.5332422
1722668015.5567021
1722668015.5669518
1722668015.582771
1722668015.5985408
1722668015.6152322
1722668015.6392062
1722668015.6533196
1722668015.6695628
1722668015.6826205
1722668015.6993418
1722668015.7163146
1722668015.7320392
1722668015.7489283
1722668015.7657564
1722668015.7872007
1722668015.7994487
1722668015.8159685
1722668015.8433535
1722668015.8536422
1722668015.8678863
1722668015.8887339
1722668015.9008088
1722668015.9186249
1722668015.9349065
1722668015.9519916
1722668015.970657
1722668015.9847865
1722668016.0017238
1722668016.0183706
1722668016.0365336
1722668016.0530236
1722668016.070179
1722668016.086168
1722668016.104177
1722668016.1228297
1722668016.13806
1722668016.1547701
1722668016.1719205
1722668016.1885822
1722668016.2059584
1722668016.2224715
1722668016.2402985
1722668016.2572868
1722668016.283716
1722668016.2914326
1722668016.3158932
1722668016.3251874
1722668016.3427186
1722668016.3598967
1722668016.3761775
1722668016.3943117
1722668016.4102504
1722668016.4266968
1722668016.4445627
1722668016.4619985
1722668016.4835527
1722668016.494094
1722668016.5181537
1722668016.5329287
1722668016.5464175
1722668016.5698752
1722668016.5806131
1722668016.598
1722668016.6226685
1722668016.630597
1722668016.6539798
1722668016.6645973
1722668016.682371
1722668016.7016368
1722668016.715815
1722668016.7344162
1722668016.7511983
1722668016.766416
1722668016.783577
1722668016.8006575
1722668016.817737
1722668016.8343472
1722668016.8514092
1722668016.8685584
1722668016.8854518
1722668016.9100182
1722668016.9187894
1722668016.9356601
1722668016.9526856
1722668016.977969
1722668016.9865336
1722668017.0040236
1722668017.020913
1722668017.037791
1722668017.056108
1722668017.0791776
1722668017.0901935
1722668017.106277
1722668017.1238883
1722668017.1415944
1722668017.1585062
1722668017.18208
1722668017.1925814
1722668017.2097638
1722668017.226545
1722668017.2434325
1722668017.2610407
1722668017.2781827
1722668017.2941492
1722668017.3128886
1722668017.3274858
1722668017.3448603
1722668017.3623114
1722668017.3786225
1722668017.3955333
1722668017.4126432
1722668017.429317
1722668017.4464629
1722668017.466157
1722668017.4802926
1722668017.4979804
1722668017.5187018
1722668017.5315208
1722668017.5499039
1722668017.5736818
1722668017.5825593
1722668017.600113
1722668017.6263547
1722668017.6374822
1722668017.6553648
1722668017.6711073
1722668017.6890306
1722668017.7011251
1722668017.719518
1722668017.734475
1722668017.7599845
1722668017.7696965
1722668017.7953262
1722668017.8028812
1722668017.8265018
1722668017.8369057
1722668017.8536758
1722668017.8704019
1722668017.88799
1722668017.911742
1722668017.9235368
1722668017.9388645
1722668017.9550474
1722668017.9718618
1722668017.9908373
1722668018.0130348
1722668018.0241587
1722668018.0473104
1722668018.0576167
1722668018.0758832
1722668018.0917184
1722668018.1088583
1722668018.1255608
1722668018.1438642
1722668018.1655586
1722668018.1768246
1722668018.198599
1722668018.2100143
1722668018.2270908
1722668018.243945
1722668018.2608504
1722668018.279392
1722668018.2966235
1722668018.3121219
1722668018.3288646
1722668018.3459148
1722668018.3624904
1722668018.37993
1722668018.3962543
1722668018.4135456
1722668018.4300828
1722668018.453749
1722668018.4637158
1722668018.4874156
1722668018.4972508
1722668018.5215986
1722668018.5318904
1722668018.5559368
1722668018.5713882
1722668018.5852664
1722668018.5990698
1722668018.6235487
1722668018.6329224
1722668018.65197
1722668018.6663342
1722668018.6919322
1722668018.7046716
1722668018.7176151
1722668018.7422996
1722668018.752454
1722668018.7743952
1722668018.7885668
1722668018.8085034
1722668018.8266313
1722668018.839351
1722668018.8535364
1722668018.876839
1722668018.891991
1722668018.9114666
1722668018.9221365
1722668018.9481003
1722668018.9596744
1722668018.9728043
1722668018.9984357
1722668019.013067
1722668019.0297425
1722668019.043546
1722668019.0625877
1722668019.0738773
1722668019.1011577
1722668019.1136796
1722668019.1246488
1722668019.1434898
1722668019.1585565
1722668019.174498
1722668019.1923249
1722668019.220236
1722668019.2238092
1722668019.2404633
1722668019.2585647
1722668019.2751863
1722668019.3004882
1722668019.3119042
1722668019.3323834
1722668019.3427582
1722668019.3601992
1722668019.3821697
1722668019.3926635
1722668019.4187577
1722668019.4311771
1722668019.4431875
1722668019.460507
1722668019.4799895
1722668019.494116
1722668019.5098739
1722668019.5298145
1722668019.5443199
1722668019.561092
1722668019.5792732
1722668019.6042979
1722668019.6129148
1722668019.6283784
1722668019.6532836
1722668019.6636016
1722668019.6873834
1722668019.6976757
1722668019.7144697
1722668019.7390153
1722668019.7489529
1722668019.771693
1722668019.7870286
1722668019.8045957
1722668019.821892
1722668019.838301
1722668019.8504891
1722668019.8751001
1722668019.8847852
1722668019.906628
1722668019.9171124
1722668019.941597
1722668019.956052
1722668019.9698596
1722668019.9936962
1722668020.0081573
1722668020.0193362
1722668020.044403
1722668020.057825
1722668020.0703049
1722668020.0939624
1722668020.1127706
1722668020.1205645
1722668020.1451166
1722668020.1586535
1722668020.1712124
1722668020.1941423
1722668020.2058132
1722668020.223975
1722668020.2456548
1722668020.2564363
1722668020.2802138
1722668020.291242
1722668020.3160646
1722668020.329803
1722668020.3413475
1722668020.357893
1722668020.381968
1722668020.3955002
1722668020.4154177
1722668020.4282308
1722668020.4497936
1722668020.4599266
1722668020.485257
1722668020.4983046
1722668020.510411
1722668020.5358326
1722668020.5466864
1722668020.5629191
1722668020.5835612
1722668020.5942557
1722668020.6218746
1722668020.633158
1722668020.6448224
1722668020.661785
1722668020.6797369
1722668020.7021685
1722668020.7184076
1722668020.7341633
1722668020.7465615
1722668020.7629
1722668020.7792494
1722668020.7979248
1722668020.8128097
1722668020.8309822
1722668020.8543386
1722668020.8693304
1722668020.8882964
1722668020.897214
1722668020.9229052
1722668020.936167
1722668020.9548104
1722668020.9682734
1722668020.9837093
1722668020.9982066
1722668021.0148602
1722668021.03383
1722668021.055151
1722668021.0659156
1722668021.088028
1722668021.0992458
1722668021.1242292
1722668021.1388633
1722668021.1583476
1722668021.1697
1722668021.1959994
1722668021.2027996
1722668021.219375
1722668021.2453563
1722668021.2533472
1722668021.2706091
1722668021.2873573
1722668021.3103123
1722668021.3226078
1722668021.3456624
1722668021.3555984
1722668021.3795357
1722668021.3901145
1722668021.4124084
1722668021.4286137
1722668021.4457054
1722668021.456897
1722668021.4746366
1722668021.4911304
1722668021.522909
1722668021.528613
1722668021.5417852
1722668021.5611608
1722668021.5750833
1722668021.5995817
1722668021.609454
1722668021.6248767
1722668021.6480894
1722668021.6648853
1722668021.6812255
1722668021.693353
1722668021.7138517
1722668021.7254379
1722668021.7497523
1722668021.7604642
1722668021.774893
1722668021.7995007
1722668021.8107283
1722668021.8316662
1722668021.845761
1722668021.8580348
1722668021.8846319
1722668021.8947806
1722668021.9078472
1722668021.9313953
1722668021.9409058
1722668021.9653478
1722668021.9759345
1722668021.9893014
1722668022.0070467
1722668022.0235114
1722668022.0467427
1722668022.0575378
1722668022.072659
1722668022.0921474
1722668022.1152391
1722668022.123145
1722668022.1521666
1722668022.1588745
1722668022.1731267
1722668022.195423
1722668022.2086742
1722668022.2242637
1722668022.2396173
1722668022.2563818
1722668022.2729793
1722668022.2886403
1722668022.3056314
1722668022.3289814
1722668022.339349
1722668022.3620946
1722668022.3754125
1722668022.3938262
1722668022.404619
1722668022.4252057
1722668022.4375646
1722668022.4548213
1722668022.474103
1722668022.495428
1722668022.505298
1722668022.5309353
1722668022.5416882
1722668022.558688
1722668022.5751412
1722668022.5878792
1722668022.6033602
1722668022.6250927
1722668022.635981
1722668022.6525354
1722668022.6897612
1722668022.696531
1722668022.7023065
1722668022.7208364
1722668022.7426662
1722668022.7548566
1722668022.7776625
1722668022.7871034
1722668022.8076293
1722668022.823553
1722668022.8405757
1722668022.8514204
1722668022.8757436
1722668022.8869307
1722668022.9013453
1722668022.9253755
1722668022.9356682
1722668022.958681
1722668022.9695022
1722668022.991567
1722668023.0062807
1722668023.0240014
1722668023.0344312
1722668023.0596645
1722668023.068658
1722668023.0946019
1722668023.1084704
1722668023.1186795
1722668023.134084
1722668023.156596
1722668023.1678112
1722668023.1904864
1722668023.2018912
1722668023.221606
1722668023.2355247
1722668023.2519462
1722668023.2655973
1722668023.2828946
1722668023.3002305
1722668023.316654
1722668023.3325777
1722668023.350324
1722668023.3732624
1722668023.3821719
1722668023.3985689
1722668023.4141073
1722668023.4304729
1722668023.4549713
1722668023.4645586
1722668023.4874542
1722668023.4978783
1722668023.5227072
1722668023.5351148
1722668023.547857
1722668023.5714278
1722668023.5878475
1722668023.5965567
1722668023.6200607
1722668023.6317964
1722668023.646592
1722668023.6647265
1722668023.687111
1722668023.6972759
1722668023.7149303
1722668023.7356663
1722668023.7477047
1722668023.7728658
1722668023.7801437
1722668023.8026195
1722668023.8123658
1722668023.8370972
1722668023.8498938
1722668023.8621843
1722668023.8848476
1722668023.8951643
1722668023.911952
1722668023.936012
1722668023.9456854
1722668023.9688795
1722668023.978451
1722668024.0030866
1722668024.0125427
1722668024.0373144
1722668024.046555
1722668024.062629
1722668024.0862575
1722668024.0965443
1722668024.1215832
1722668024.1307862
1722668024.1539817
1722668024.166099
1722668024.184545
1722668024.1979785
1722668024.21159
1722668024.2381732
1722668024.2491438
1722668024.2616408
1722668024.2887006
1722668024.2952156
1722668024.3106747
1722668024.3346543
1722668024.3447962
1722668024.3696496
1722668024.380504
1722668024.4023447
1722668024.413579
1722668024.4264736
1722668024.449434
1722668024.4599497
1722668024.4834905
1722668024.4983296
1722668024.511541
1722668024.5271335
1722668024.5511694
1722668024.5604753
1722668024.58378
1722668024.5958457
1722668024.6132722
1722668024.6285722
1722668024.6500828
1722668024.6663918
1722668024.678876
1722668024.6935947
1722668024.710882
1722668024.731466
1722668024.7453644
1722668024.7707143
1722668024.782621
1722668024.796346
1722668024.817116
1722668024.828078
1722668024.8525426
1722668024.867286
1722668024.8805273
1722668024.9006164
1722668024.917386
1722668024.9346151
1722668024.9472048
1722668024.9704444
1722668024.979422
1722668025.0049562
1722668025.0155013
1722668025.029007
1722668025.0447235
1722668025.068274
1722668025.079476
1722668025.0959008
1722668025.1110196
1722668025.1276925
1722668025.1518059
1722668025.1607606
1722668025.18509
1722668025.1942616
1722668025.2198033
1722668025.231575
1722668025.2460458
1722668025.2604582
1722668025.2835286
1722668025.2939968
1722668025.3184917
1722668025.3315518
1722668025.3425407
1722668025.3593364
1722668025.383489
1722668025.395899
1722668025.4161863
1722668025.425284
1722668025.441801
1722668025.4587533
1722668025.4748135
1722668025.4944997
1722668025.5177402
1722668025.5298243
1722668025.5422769
1722668025.558156
1722668025.5810003
1722668025.591389
1722668025.6154518
1722668025.6280153
1722668025.6413152
1722668025.663675
1722668025.674137
1722668025.6991272
1722668025.7110245
1722668025.7286186
1722668025.7467449
1722668025.7697384
1722668025.7735028
1722668025.7900505
1722668025.8057458
1722668025.8221283
1722668025.8386738
1722668025.854723
1722668025.871411
1722668025.8948624
1722668025.905227
1722668025.9223144
1722668025.938494
1722668025.9550505
1722668025.9712358
1722668025.9943235
1722668026.0030873
1722668026.0240746
1722668026.0380597
1722668026.0527256
1722668026.07004
1722668026.0875382
1722668026.1042986
1722668026.1263793
1722668026.1373289
1722668026.1529741
1722668026.1691923
1722668026.1860116
1722668026.2025998
1722668026.2283647
1722668026.236215
1722668026.2524772
1722668026.276008
1722668026.286192
1722668026.3020651
1722668026.3208208
1722668026.3354192
1722668026.351826
1722668026.3690565
1722668026.3852212
1722668026.4024684
1722668026.4183106
1722668026.440518
1722668026.4509892
1722668026.4673905
1722668026.486277
1722668026.500636
1722668026.5173588
1722668026.533728
1722668026.5511186
1722668026.5665271
1722668026.5842032
1722668026.6006982
1722668026.6244247
1722668026.6336467
1722668026.6567054
1722668026.6674807
1722668026.6917593
1722668026.7057467
1722668026.7215872
1722668026.739913
1722668026.7502828
1722668026.7668471
1722668026.7907736
1722668026.8075597
1722668026.816712
1722668026.8404899
1722668026.8509927
1722668026.8748784
1722668026.8848038
1722668026.9095318
1722668026.9183292
1722668026.940832
1722668026.951549
1722668026.973587
1722668026.990581
1722668027.0066276
1722668027.0172544
1722668027.0423815
1722668027.0554047
1722668027.0745697
1722668027.0942693
1722668027.1109695
1722668027.1208804
1722668027.1442127
1722668027.1542032
1722668027.176828
1722668027.1907637
1722668027.2165787
1722668027.2219236
1722668027.2398775
1722668027.2548902
1722668027.2714303
1722668027.2859683
1722668027.3027363
1722668027.318857
1722668027.3371463
1722668027.3590927
1722668027.370613
1722668027.385126
1722668027.4028046
1722668027.4257448
1722668027.4375188
1722668027.4609916
1722668027.4695573
1722668027.488992
1722668027.5045362
1722668027.5180635
1722668027.5347536
1722668027.553099
1722668027.576473
1722668027.5884821
1722668027.6087735
1722668027.6173673
1722668027.6406958
1722668027.6544282
1722668027.6667366
1722668027.6931024
1722668027.7056425
1722668027.7202842
1722668027.7399504
1722668027.7512157
1722668027.7694275
1722668027.7833452
1722668027.806453
1722668027.816839
1722668027.8342955
1722668027.8509846
1722668027.8744946
1722668027.885359
1722668027.9035623
1722668027.9225476
1722668027.9439418
1722668027.9547424
1722668027.9767528
1722668027.988911
1722668028.00252
1722668028.028481
1722668028.040004
1722668028.0526311
1722668028.0754094
1722668028.0857482
1722668028.1087525
1722668028.1201725
1722668028.134766
1722668028.1595714
1722668028.1698322
1722668028.191671
1722668028.2035584
1722668028.2286384
1722668028.2348497
1722668028.2518356
1722668028.270458
1722668028.2854297
1722668028.30871
1722668028.3187292
1722668028.3358607
1722668028.3513377
1722668028.3756936
1722668028.3878229
1722668028.408378
1722668028.4230227
1722668028.440277
1722668028.4514296
1722668028.477053
1722668028.4867406
1722668028.5082145
1722668028.5221603
1722668028.5366015
1722668028.552484
1722668028.574657
1722668028.5891535
1722668028.6094882
1722668028.6178274
1722668028.6419785
1722668028.652504
1722668028.667259
1722668028.6838086
1722668028.7002926
1722668028.722779
1722668028.734534
1722668028.7564154
1722668028.7725713
1722668028.7831454
1722668028.8006632
1722668028.8215988
1722668028.8322146
1722668028.8563118
1722668028.867203
1722668028.8922057
1722668028.905542
1722668028.9176862
1722668028.93446
1722668028.9505217
1722668028.9670672
1722668028.9854898
1722668029.006495
1722668029.0236025
1722668029.0408413
1722668029.053046
1722668029.069831
1722668029.091229
1722668029.1072645
1722668029.118196
1722668029.136847
1722668029.1509717
1722668029.174795
1722668029.1852863
1722668029.2076066
1722668029.2215512
1722668029.2417197
1722668029.2522454
1722668029.2742002
1722668029.2847443
1722668029.3085077
1722668029.3198502
1722668029.3403432
1722668029.357966
1722668029.372466
1722668029.3946233
1722668029.4060175
1722668029.4282131
1722668029.4439998
1722668029.455076
1722668029.4703033
1722668029.4870524
1722668029.5047128
1722668029.5233188
1722668029.5427117
1722668029.5544739
1722668029.578353
1722668029.5947754
1722668029.613392
1722668029.6219215
1722668029.6438632
1722668029.6554906
1722668029.6713707
1722668029.6877093
1722668029.7087283
1722668029.7208867
1722668029.7447367
1722668029.7525082
1722668029.7756233
1722668029.7879138
1722668029.8108945
1722668029.8252757
1722668029.8427975
1722668029.8621733
1722668029.8755906
1722668029.8848538
1722668029.908664
1722668029.9233065
1722668029.9347987
1722668029.9529893
1722668029.976442
1722668029.9856544
1722668030.001533
1722668030.0209231
1722668030.03349
1722668030.0509758
1722668030.0674992
1722668030.084163
1722668030.101092
1722668030.1171389
1722668030.1345572
1722668030.1579795
1722668030.167093
1722668030.185037
1722668030.2009346
1722668030.2169845
1722668030.2333543
1722668030.2594466
1722668030.2681227
1722668030.2827575
1722668030.2993152
1722668030.316348
1722668030.332832
1722668030.351089
1722668030.3662622
1722668030.383569
1722668030.40038
1722668030.4156792
1722668030.4322014
1722668030.4488833
1722668030.4658575
1722668030.4819505
1722668030.4992201
1722668030.523027
1722668030.5371623
1722668030.54955
1722668030.5743544
1722668030.5831885
1722668030.5993633
1722668030.615405
1722668030.638259
1722668030.649352
1722668030.6709347
1722668030.6852937
1722668030.7029243
1722668030.720242
1722668030.7327454
1722668030.7495356
1722668030.7648673
1722668030.7864716
1722668030.798497
1722668030.815806
1722668030.8312633
1722668030.8473694
1722668030.8727086
1722668030.882695
1722668030.9036505
1722668030.9168081
1722668030.9337506
1722668030.9528549
1722668030.963408
1722668030.9875412
1722668031.0011988
1722668031.0137408
1722668031.036002
1722668031.0458949
1722668031.0689332
1722668031.0819468
1722668031.0947149
1722668031.117525
1722668031.132313
1722668031.1491246
1722668031.1684258
1722668031.178596
1722668031.1961143
1722668031.2322125
1722668031.2351353
1722668031.2441015
1722668031.2619295
1722668031.2764084
1722668031.2936456
1722668031.3108695
1722668031.327724
1722668031.3445017
1722668031.360153
1722668031.3769655
1722668031.4005635
1722668031.412074
1722668031.4268558
1722668031.4428933
1722668031.4594657
1722668031.4769077
1722668031.4937112
1722668031.5096745
1722668031.525149
1722668031.5484974
1722668031.5605261
1722668031.5813584
1722668031.597959
1722668031.6091673
1722668031.6352022
1722668031.6466076
1722668031.6640604
1722668031.6762843
1722668031.6921623
1722668031.7106223
1722668031.7250793
1722668031.7483752
1722668031.7630577
1722668031.7770264
1722668031.7914758
1722668031.8158123
1722668031.8262439
1722668031.8478422
1722668031.8581746
1722668031.8806171
1722668031.8919284
1722668031.9138653
1722668031.9291565
1722668031.9406412
1722668031.9631853
1722668031.9806945
1722668031.9919496
1722668032.0072079
1722668032.0296485
1722668032.040392
1722668032.063622
1722668032.0742447
1722668032.094666
1722668032.1083143
1722668032.1313229
1722668032.1415455
1722668032.1612382
1722668032.1725252
1722668032.197217
1722668032.206352
1722668032.2222645
1722668032.2388372
1722668032.2637115
1722668032.2742145
1722668032.29432
1722668032.3082228
1722668032.3274717
1722668032.3368173
1722668032.363143
1722668032.3705838
1722668032.3967052
1722668032.4036129
1722668032.4291341
1722668032.44111
1722668032.4534557
1722668032.4711754
1722668032.4866147
1722668032.510793
1722668032.5410643
1722668032.5440042
1722668032.5612347
1722668032.5700045
1722668032.5947366
1722668032.6044967
1722668032.6185946
1722668032.6436555
1722668032.652354
1722668032.6762795
1722668032.6855547
1722668032.7020473
1722668032.7177446
1722668032.7341683
1722668032.7509394
1722668032.7745464
1722668032.7857568
1722668032.808688
1722668032.8197982
1722668032.8342457
1722668032.8590088
1722668032.8695247
1722668032.884525
1722668032.900703
1722668032.9177804
1722668032.9364328
1722668032.9498181
1722668032.973617
1722668032.9875207
1722668032.9995534
1722668033.0152
1722668033.0401726
1722668033.0497684
1722668033.072742
1722668033.082136
1722668033.104802
1722668033.1156783
1722668033.1378615
1722668033.149547
1722668033.1737008
1722668033.1872401
1722668033.1987867
1722668033.2148168
1722668033.231979
1722668033.2553034
1722668033.2656796
1722668033.2897863
1722668033.300504
1722668033.3209312
1722668033.3319106
1722668033.3484287
1722668033.3726623
1722668033.383638
1722668033.399322
1722668033.4209416
1722668033.430957
1722668033.449039
1722668033.4717553
1722668033.482835
1722668033.5055466
1722668033.517098
1722668033.532443
1722668033.5571218
1722668033.570247
1722668033.5830503
1722668033.6049724
1722668033.6160133
1722668033.6329877
1722668033.6561632
1722668033.666677
1722668033.6886487
1722668033.6987016
1722668033.7233841
1722668033.7332942
1722668033.75659
1722668033.7670994
1722668033.7918434
1722668033.8064404
1722668033.8186066
1722668033.8441496
1722668033.8516958
1722668033.877715
1722668033.8875449
1722668033.9017916
1722668033.9277143
1722668033.941507
1722668033.9518633
1722668033.975472
1722668033.986084
1722668034.0075438
1722668034.0182276
1722668034.0344076
1722668034.0558445
1722668034.0687425
1722668034.0835738
1722668034.0997798
1722668034.1267192
1722668034.1371248
1722668034.1539807
1722668034.1709287
1722668034.1885848
1722668034.199872
1722668034.217098
1722668034.2365506
1722668034.2478998
1722668034.264654
1722668034.2825415
1722668034.2999287
1722668034.3142045
1722668034.3318481
1722668034.3526747
1722668034.3651166
1722668034.3808222
1722668034.4060209
1722668034.420026
1722668034.4313903
1722668034.4525888
1722668034.4706326
1722668034.4807577
1722668034.4975405
1722668034.5199957
1722668034.5402815
1722668034.5533366
1722668034.567338
1722668034.5799804
1722668034.6042612
1722668034.6179335
1722668034.6347675
1722668034.6506364
1722668034.6628702
1722668034.6792989
1722668034.6965983
1722668034.712933
1722668034.7346742
1722668034.7457757
1722668034.7621038
1722668034.7784312
1722668034.8025804
1722668034.8116696
1722668034.829519
1722668034.852866
1722668034.868225
1722668034.878321
1722668034.902782
1722668034.9177668
1722668034.9351368
1722668034.950816
1722668034.9679027
1722668034.9800735
1722668035.0047085
1722668035.016153
1722668035.038509
1722668035.0502245
1722668035.0644863
1722668035.0797055
1722668035.1040668
1722668035.116539
1722668035.1362205
1722668035.146389
1722668035.1645563
1722668035.1848018
1722668035.1955903
1722668035.2212117
1722668035.2333639
1722668035.2441258
1722668035.2660968
1722668035.2761946
1722668035.2945716
1722668035.3122168
1722668035.3280675
1722668035.3525648
1722668035.3616755
1722668035.385221
1722668035.3951526
1722668035.4165313
1722668035.43031
1722668035.4448357
1722668035.4698977
1722668035.4812784
1722668035.499504
1722668035.5121667
1722668035.52757
1722668035.5432274
1722668035.566162
1722668035.5804636
1722668035.5991735
1722668035.6111145
1722668035.635533
1722668035.644515
1722668035.6701887
1722668035.6791105
1722668035.6950278
1722668035.7102895
1722668035.726449
1722668035.7447057
1722668035.7662547
1722668035.7813272
1722668035.8000987
1722668035.8103812
1722668035.8262727
1722668035.84307
1722668035.8609898
1722668035.8770778
1722668035.8984685
1722668035.9110749
1722668035.9266117
1722668035.942985
1722668035.9597986
1722668035.9749453
1722668035.9932826
1722668036.0146527
1722668036.0274777
1722668036.0467808
1722668036.0611594
1722668036.0793378
1722668036.096031
1722668036.1090093
1722668036.1327527
1722668036.14145
1722668036.1677158
1722668036.1770337
1722668036.1910446
1722668036.2152157
1722668036.226212
1722668036.248793
1722668036.257687
1722668036.2829888
1722668036.2907379
1722668036.3153548
1722668036.3281755
1722668036.3422265
1722668036.3667755
1722668036.378044
1722668036.3903549
1722668036.407188
1722668036.4233837
1722668036.4490893
1722668036.4578445
1722668036.4823232
1722668036.4901433
1722668036.5072794
1722668036.5253456
1722668036.5415285
1722668036.563689
1722668036.5798874
1722668036.5906255
1722668036.6133564
1722668036.6281676
1722668036.6396148
1722668036.6563122
1722668036.6783247
1722668036.6914935
1722668036.7149096
1722668036.727578
1722668036.7398076
1722668036.7707067
1722668036.778004
1722668036.789735
1722668036.8077178
1722668036.8220677
1722668036.8383803
1722668036.8546047
1722668036.8716638
1722668036.8957064
1722668036.9057677
1722668036.9305806
1722668036.9385436
1722668036.9557412
1722668036.9839756
1722668036.9928405
1722668037.0062406
1722668037.0272276
1722668037.0440524
1722668037.0563111
1722668037.0715942
1722668037.0946472
1722668037.1091988
1722668037.1274102
1722668037.1376889
1722668037.1594834
1722668037.1749418
1722668037.1932907
1722668037.204545
1722668037.2281628
1722668037.2422028
1722668037.2558975
1722668037.2698784
1722668037.2864313
1722668037.3104415
1722668037.3237896
1722668037.3428028
1722668037.3531625
1722668037.376515
1722668037.3862736
1722668037.4070082
1722668037.419397
1722668037.4360507
1722668037.461842
1722668037.4688258
1722668037.4936068
1722668037.5083907
1722668037.5264525
1722668037.5423708
1722668037.5554984
1722668037.5775943
1722668037.5878859
1722668037.6131852
1722668037.6210382
1722668037.6443796
1722668037.6552498
1722668037.6768415
1722668037.6882331
1722668037.7032585
1722668037.7199416
1722668037.7430959
1722668037.7578752
1722668037.771386
1722668037.7943711
1722668037.802766
1722668037.8288374
1722668037.840458
1722668037.851926
1722668037.8750467
1722668037.8853118
1722668037.9078205
1722668037.9183087
1722668037.9419045
1722668037.9559548
1722668037.9725525
1722668037.9838383
1722668038.0067897
1722668038.0209296
1722668038.0411096
1722668038.0577083
1722668038.0729163
1722668038.0813024
1722668038.0982695
1722668038.1155233
1722668038.1323352
1722668038.1489525
1722668038.1657884
1722668038.1869662
1722668038.2011595
1722668038.2157397
1722668038.2320905
1722668038.2493386
1722668038.2653255
1722668038.288155
1722668038.2989225
1722668038.3149028
1722668038.3311634
1722668038.348085
1722668038.366502
1722668038.3808653
1722668038.3979628
1722668038.4176967
1722668038.431487
1722668038.449572
1722668038.4643483
1722668038.4836154
1722668038.4972842
1722668038.5136988
1722668038.5302258
1722668038.5464091
1722668038.5694432
1722668038.5849578
1722668038.6041148
1722668038.6181002
1722668038.6309476
1722668038.6465364
1722668038.6644235
1722668038.685325
1722668038.6961596
1722668038.7195506
1722668038.7337844
1722668038.7503655
1722668038.7662938
1722668038.7838275
1722668038.7948837
1722668038.8152847
1722668038.8306415
1722668038.845796
1722668038.869719
1722668038.8782134
1722668038.9018774
1722668038.9167876
1722668038.9277802
1722668038.9503367
1722668038.9630377
1722668038.9802706
1722668039.003613
1722668039.0165746
1722668039.0286236
1722668039.0548673
1722668039.0675228
1722668039.07827
1722668039.0945265
1722668039.113669
1722668039.1344678
1722668039.1504557
1722668039.1690578
1722668039.182767
1722668039.200551
1722668039.2182746
1722668039.2282653
1722668039.2519104
1722668039.26518
1722668039.2793188
1722668039.2930675
1722668039.3107855
1722668039.3292325
1722668039.3451064
1722668039.3679895
1722668039.3785713
1722668039.4036784
1722668039.4112678
1722668039.4300964
1722668039.4440813
1722668039.4603417
1722668039.478758
1722668039.4948392
1722668039.5117013
1722668039.5286396
1722668039.543674
1722668039.5617323
1722668039.5833752
1722668039.5965414
1722668039.615891
1722668039.6271546
1722668039.643457
1722668039.668675
1722668039.6785784
1722668039.694488
1722668039.7187536
1722668039.7327082
1722668039.7552176
1722668039.761148
1722668039.7833278
1722668039.7938387
1722668039.8118105
1722668039.826138
1722668039.8424163
1722668039.8586283
1722668039.8822823
1722668039.8932564
1722668039.917983
1722668039.9279687
1722668039.943911
1722668039.9683783
1722668039.9772897
1722668040.0001342
1722668040.014771
1722668040.0264664
1722668040.0484846
1722668040.0600352
1722668040.0850139
1722668040.1026602
1722668040.1100655
1722668040.1257515
1722668040.1498823
1722668040.164393
1722668040.1836176
1722668040.1927261
1722668040.2180595
1722668040.226055
1722668040.2494318
1722668040.2586052
1722668040.2755513
1722668040.2922504
1722668040.3174813
1722668040.325158
1722668040.3419504
1722668040.3654287
1722668040.3796487
1722668040.3929243
1722668040.4091082
1722668040.431963
1722668040.4423733
1722668040.4659941
1722668040.47968
1722668040.4965374
1722668040.507639
1722668040.5230594
1722668040.5481143
1722668040.5561116
1722668040.5805855
1722668040.5941043
1722668040.6062367
1722668040.6292746
1722668040.6443534
1722668040.6554074
1722668040.6731787
1722668040.6886415
1722668040.71119
1722668040.7272131
1722668040.7456992
1722668040.7564344
1722668040.7777
1722668040.7884893
1722668040.8128052
1722668040.821221
1722668040.839678
1722668040.854191
1722668040.8724334
1722668040.8938472
1722668040.9080954
1722668040.9284441
1722668040.9385123
1722668040.9623098
1722668040.9750712
1722668040.996572
1722668041.0081935
1722668041.0211987
1722668041.0363498
1722668041.0539484
1722668041.070611
1722668041.0876822
1722668041.1105802
1722668041.128718
1722668041.136147
1722668041.1650202
1722668041.1764808
1722668041.2034817
1722668041.206432
1722668041.2292707
1722668041.2391057
1722668041.2610784
1722668041.274434
1722668041.2885156
1722668041.3040535
1722668041.3213062
1722668041.3497872
1722668041.3566554
1722668041.379223
1722668041.3895655
1722668041.4041352
1722668041.429316
1722668041.4410663
1722668041.4596627
1722668041.475259
1722668041.4867435
1722668041.5042665
1722668041.5268636
1722668041.5400681
1722668041.5584702
1722668041.5714996
1722668041.5960512
1722668041.6043963
1722668041.628616
1722668041.6376014
1722668041.651803
1722668041.6693027
1722668041.6906986
1722668041.7018495
1722668041.7248702
1722668041.7352407
1722668041.7532463
1722668041.7746584
1722668041.7868001
1722668041.8092299
1722668041.819638
1722668041.8447382
1722668041.8579807
1722668041.8692713
1722668041.886745
1722668041.910301
1722668041.9200704
1722668041.9409642
1722668041.952416
1722668041.9749327
1722668041.9855063
1722668042.0092452
1722668042.01791
1722668042.041273
1722668042.0545213
1722668042.0676465
1722668042.0908337
1722668042.1041934
1722668042.1236866
1722668042.1406446
1722668042.1562176
1722668042.1716383
1722668042.1896641
1722668042.2004378
1722668042.2169223
1722668042.2332594
1722668042.251711
1722668042.2664003
1722668042.2837327
1722668042.3069587
1722668042.3221698
1722668042.333063
1722668042.349697
1722668042.3676267
1722668042.3829994
1722668042.399685
1722668042.417013
1722668042.4324217
1722668042.4488807
1722668042.4653337
1722668042.483896
1722668042.4994466
1722668042.5257287
1722668042.5311162
1722668042.5473733
1722668042.6237495
1722668042.6238751
1722668042.6240132
1722668042.6241488
1722668042.6309192
1722668042.6552649
1722668042.6666934
1722668042.6802773
1722668042.7039382
1722668042.7196252
1722668042.7301052
1722668042.7531564
1722668042.763848
1722668042.784813
1722668042.7970245
1722668042.8221912
1722668042.8292818
1722668042.8546956
1722668042.8651674
1722668042.878709
1722668042.8984604
1722668042.913156
1722668042.9279847
1722668042.9520228
1722668042.9626887
1722668042.9785423
1722668043.0012534
1722668043.011408
1722668043.0349858
1722668043.0460913
1722668043.0670042
1722668043.0765805
1722668043.1011262
1722668043.1150506
1722668043.1260693
1722668043.1499338
1722668043.1617923
1722668043.1766174
1722668043.198864
1722668043.213094
1722668043.2311547
1722668043.242462
1722668043.2587748
1722668043.2761657
1722668043.2942555
1722668043.306779
1722668043.3252304
1722668043.3422954
1722668043.3584325
1722668043.3749745
1722668043.3902605
1722668043.4066865
1722668043.4286246
1722668043.4409418
1722668043.4576313
1722668043.4737036
1722668043.4903018
1722668043.5070977
1722668043.524633
1722668043.5412674
1722668043.5574489
1722668043.5812373
1722668043.5939975
1722668043.6128342
1722668043.628696
1722668043.6418326
1722668043.6575375
1722668043.674026
1722668043.690814
1722668043.7080855
1722668043.7245991
1722668043.7441902
1722668043.764167
1722668043.7786524
1722668043.791878
1722668043.8133326
1722668043.8295734
1722668043.840473
1722668043.8581111
1722668043.8793132
1722668043.8914654
1722668043.9119725
1722668043.926408
1722668043.949102
1722668043.9634788
1722668043.9749994
1722668043.9910927
1722668044.012922
1722668044.030407
1722668044.0433304
1722668044.0595737
1722668044.0743976
1722668044.0906293
1722668044.109719
1722668044.1246269
1722668044.1404042
1722668044.157576
1722668044.173341
1722668044.1892297
1722668044.2068026
1722668044.2268515
1722668044.2425916
1722668044.258888
1722668044.2730014
1722668044.2896872
1722668044.306047
1722668044.3232975
1722668044.3465252
1722668044.3563983
1722668044.3727553
1722668044.3897822
1722668044.406082
1722668044.4223702
1722668044.4419522
1722668044.4621606
1722668044.4724557
1722668044.494553
1722668044.5077446
1722668044.522321
1722668044.5393543
1722668044.5567048
1722668044.5785472
1722668044.5931478
1722668044.612001
1722668044.6239436
1722668044.6452157
1722668044.656025
1722668044.6741743
1722668044.6912808
1722668044.7061749
1722668044.7279146
1722668044.7437644
1722668044.760707
1722668044.772266
1722668044.7952964
1722668044.8046684
1722668044.8219492
1722668044.8393152
1722668044.855248
1722668044.8765574
1722668044.89329
1722668044.904396
1722668044.9216459
1722668044.937528
1722668044.9586585
1722668044.9751346
1722668044.987424
1722668045.005555
1722668045.0217745
1722668045.040107
1722668045.0585263
1722668045.0714746
1722668045.0869057
1722668045.1069922
1722668045.121343
1722668045.1409223
1722668045.1586468
1722668045.1735294
1722668045.1877022
1722668045.2104125
1722668045.219903
1722668045.2432127
1722668045.2522376
1722668045.268339
1722668045.292823
1722668045.3028324
1722668045.3217967
1722668045.3410037
1722668045.3532166
1722668045.368397
1722668045.390855
1722668045.401269
1722668045.424213
1722668045.4348702
1722668045.4529836
1722668045.4698703
1722668045.4902544
1722668045.5009937
1722668045.5236611
1722668045.538152
1722668045.552274
1722668045.5685396
1722668045.586178
1722668045.606683
1722668045.6186366
1722668045.6358457
1722668045.656788
1722668045.6685762
1722668045.6882885
1722668045.7044435
1722668045.7213986
1722668045.7365732
1722668045.7505324
1722668045.7728417
1722668045.786396
1722668045.8043032
1722668045.8204663
1722668045.834233
1722668045.850066
1722668045.8636334
1722668045.8823776
1722668045.8984869
1722668045.9190059
1722668045.9347146
1722668045.9479904
1722668045.9672422
1722668045.9859052
1722668046.001488
1722668046.0203035
1722668046.032588
1722668046.0489137
1722668046.068202
1722668046.0801582
1722668046.0985646
1722668046.120833
1722668046.1365054
1722668046.1486373
1722668046.1685016
1722668046.183088
1722668046.200885
1722668046.2136421
1722668046.231486
1722668046.2467446
1722668046.2659726
1722668046.2846723
1722668046.3030877
1722668046.3188705
1722668046.328393
1722668046.3447273
1722668046.3664114
1722668046.377751
1722668046.4019263
1722668046.4120579
1722668046.4273348
1722668046.4475322
1722668046.4669793
1722668046.478347
1722668046.4970784
1722668046.5125585
1722668046.5286486
1722668046.5437498
1722668046.5610297
1722668046.5779054
1722668046.5937428
1722668046.613871
1722668046.6269305
1722668046.644572
1722668046.6598938
1722668046.6762855
1722668046.6947508
1722668046.7123666
1722668046.7261994
1722668046.7482607
1722668046.7658243
1722668046.781429
1722668046.7953868
1722668046.8103034
1722668046.8304126
1722668046.843241
1722668046.859063
1722668046.8793855
1722668046.8941305
1722668046.9298308
1722668046.931019
1722668046.9444892
1722668046.9650576
1722668046.976849
1722668046.9970856
1722668047.013269
1722668047.0253944
1722668047.0456917
1722668047.0601501
1722668047.0765252
1722668047.092367
1722668047.1080186
1722668047.124573
1722668047.1454523
1722668047.1583085
1722668047.1779473
1722668047.198147
1722668047.2112424
1722668047.2308385
1722668047.241015
1722668047.263507
1722668047.2747295
1722668047.290984
1722668047.308907
1722668047.324963
1722668047.341312
1722668047.3573012
1722668047.3739605
1722668047.3915823
1722668047.4090257
1722668047.4297726
1722668047.4455411
1722668047.460547
1722668047.4968324
1722668047.497736
1722668047.5088336
1722668047.5278037
1722668047.5405076
1722668047.5568871
1722668047.5793188
1722668047.5969052
1722668047.6117225
1722668047.624405
1722668047.640273
1722668047.6583996
1722668047.6765194
1722668047.6900826
1722668047.7078116
1722668047.7237136
1722668047.7461174
1722668047.7569995
1722668047.775795
1722668047.7905066
1722668047.8079715
1722668047.8247485
1722668047.8407338
1722668047.860547
1722668047.8778024
1722668047.8921223
1722668047.908217
1722668047.9301052
1722668047.9412906
1722668047.9582114
1722668047.9722335
1722668047.989695
1722668048.00636
1722668048.024467
1722668048.0447314
1722668048.082047
1722668048.083172
1722668048.0897987
1722668048.111471
1722668048.1228008
1722668048.1400802
1722668048.1572468
1722668048.1783109
1722668048.1911938
1722668048.212352
1722668048.2233236
1722668048.241422
1722668048.255164
1722668048.2720022
1722668048.293271
1722668048.3101873
1722668048.3226972
1722668048.3434393
1722668048.35782
1722668048.375058
1722668048.3886852
1722668048.4053004
1722668048.4222734
1722668048.4450328
1722668048.4585817
1722668048.474732
1722668048.4886723
1722668048.504772
1722668048.5211906
1722668048.5391955
1722668048.5555964
1722668048.5709743
1722668048.5882235
1722668048.606106
1722668048.6271398
1722668048.6392028
1722668048.6595643
1722668048.6741128
1722668048.6871123
1722668048.7086272
1722668048.7287257
1722668048.7512255
1722668048.7586465
1722668048.7705178
1722668048.787859
1722668048.8056436
1722668048.8214552
1722668048.8390942
1722668048.8545423
1722668048.874192
1722668048.8889158
1722668048.9078057
1722668048.9235017
1722668048.9380527
1722668048.9578986
1722668048.9700594
1722668048.9871764
1722668049.0038059
1722668049.0202842
1722668049.0387971
1722668049.0583334
1722668049.0755353
1722668049.0874412
1722668049.1043792
1722668049.1199884
1722668049.139716
1722668049.1553557
1722668049.1740963
1722668049.1877203
1722668049.2025979
1722668049.2242455
1722668049.2379336
1722668049.2590754
1722668049.2695873
1722668049.2964318
1722668049.3244786
1722668049.3283992
1722668049.3370445
1722668049.357099
1722668049.3698137
1722668049.3879652
1722668049.4034922
1722668049.4235697
1722668049.4374602
1722668049.4517448
1722668049.4706197
1722668049.4916224
1722668049.5045152
1722668049.5191045
1722668049.539225
1722668049.5559642
1722668049.5678186
1722668049.5835094
1722668049.605302
1722668049.6199045
1722668049.6367028
1722668049.6545665
1722668049.669348
1722668049.6851292
1722668049.7010517
1722668049.716492
1722668049.734319
1722668049.7550094
1722668049.7669535
1722668049.785453
1722668049.8010015
1722668049.8163512
1722668049.8351188
1722668049.8531492
1722668049.8707755
1722668049.8905962
1722668049.9118319
1722668049.9217181
1722668049.9395976
1722668049.9524093
1722668049.9741533
1722668049.9835556
1722668050.0018442
1722668050.020318
1722668050.0373204
1722668050.0520656
1722668050.06919
1722668050.0874128
1722668050.1026769
1722668050.115585
1722668050.1381667
1722668050.1522238
1722668050.1663773
1722668050.180664
1722668050.1973643
1722668050.2180538
1722668050.2317238
1722668050.2477763
1722668050.264469
1722668050.286276
1722668050.298969
1722668050.3174396
1722668050.333919
1722668050.3512027
1722668050.3680558
1722668050.3807085
1722668050.4018638
1722668050.4176567
1722668050.4316237
1722668050.4510336
1722668050.4651425
1722668050.484577
1722668050.5024312
1722668050.5215907
1722668050.5313895
1722668050.5477893
1722668050.5637946
1722668050.5868478
1722668050.5969195
1722668050.6169622
1722668050.6331277
1722668050.6515682
1722668050.6642978
1722668050.6834881
1722668050.696837
1722668050.7134523
1722668050.7330174
1722668050.7486796
1722668050.764532
1722668050.7825468
1722668050.7987995
1722668050.8160956
1722668050.8331428
1722668050.8500738
1722668050.8611
1722668050.879175
1722668050.8948998
1722668050.9107242
1722668050.9319236
1722668050.9428382
1722668050.9595814
1722668050.9787788
1722668050.9932556
1722668051.0109174
1722668051.0302305
1722668051.0470536
1722668051.062702
1722668051.0788236
1722668051.0962377
1722668051.1113632
1722668051.1254041
1722668051.1545177
1722668051.163827
1722668051.1789799
1722668051.1916614
1722668051.2085419
1722668051.2254522
1722668051.244181
1722668051.262445
1722668051.2757602
1722668051.2905605
1722668051.3064392
1722668051.3276784
1722668051.3401473
1722668051.357065
1722668051.3796656
1722668051.3977625
1722668051.4114022
1722668051.4281015
1722668051.4406786
1722668051.4614606
1722668051.4774601
1722668051.489735
1722668051.5111134
1722668051.5275667
1722668051.5449703
1722668051.5599895
1722668051.5729704
1722668051.5913239
1722668051.6107244
1722668051.6312194
1722668051.640386
1722668051.6599405
1722668051.6793911
1722668051.6937413
1722668051.7145913
1722668051.7299898
1722668051.7448218
1722668051.7600822
1722668051.7759533
1722668051.7937746
1722668051.8086529
1722668051.82518
1722668051.844332
1722668051.8585877
1722668051.879182
1722668051.8943417
1722668051.9117322
1722668051.9279528
1722668051.9422011
1722668051.962583
1722668051.9750018
1722668051.9908705
1722668052.0107107
1722668052.0246766
1722668052.041646
1722668052.0578792
1722668052.0768747
1722668052.092777
1722668052.1114788
1722668052.1272924
1722668052.142036
1722668052.16027
1722668052.1768882
1722668052.1907651
1722668052.2050192
1722668052.226551
1722668052.2425547
1722668052.25806
1722668052.273688
1722668052.2906818
1722668052.3086057
1722668052.3275423
1722668052.363811
1722668052.3645782
1722668052.3766227
1722668052.388583
1722668052.4087565
1722668052.4260182
1722668052.4463742
1722668052.4593697
1722668052.475096
1722668052.4927757
1722668052.5087752
1722668052.5268874
1722668052.5393896
1722668052.5591123
1722668052.572775
1722668052.593929
1722668052.6074717
1722668052.6246643
1722668052.642804
1722668052.6551926
1722668052.6757383
1722668052.6908607
1722668052.7037516
1722668052.721449
1722668052.7409961
1722668052.7588675
1722668052.770635
1722668052.7878041
1722668052.8096256
1722668052.8257258
1722668052.842609
1722668052.8560236
1722668052.8747568
1722668052.8903117
1722668052.907163
1722668052.920587
1722668052.9420614
1722668052.9633102
1722668052.9727786
1722668052.990106
1722668053.0064828
1722668053.0218372
1722668053.0400276
1722668053.0544214
1722668053.0709596
1722668053.0881581
1722668053.1050522
1722668053.1209443
1722668053.1369028
1722668053.1536968
1722668053.1712594
1722668053.186898
1722668053.2058313
1722668053.2241864
1722668053.239932
1722668053.257533
1722668053.2698424
1722668053.285463
1722668053.3030558
1722668053.3236778
1722668053.3338947
1722668053.3552463
1722668053.3723547
1722668053.3848844
1722668053.4040172
1722668053.4187257
1722668053.4388194
1722668053.452344
1722668053.4739704
1722668053.4877567
1722668053.5041225
1722668053.5261464
1722668053.5363379
1722668053.5520198
1722668053.572997
1722668053.5839415
1722668053.6018975
1722668053.6160045
1722668053.637078
1722668053.6537511
1722668053.670904
1722668053.685792
1722668053.7002106
1722668053.7156997
1722668053.7356064
1722668053.7518451
1722668053.767928
1722668053.7862878
1722668053.7994564
1722668053.8172805
1722668053.833862
1722668053.8529575
1722668053.8703768
1722668053.8872714
1722668053.9048665
1722668053.9190204
1722668053.935141
1722668053.9486578
1722668053.9710872
1722668053.9849575
1722668053.999659
1722668054.0187206
1722668054.0328023
1722668054.0519972
1722668054.068711
1722668054.0859878
1722668054.1048386
1722668054.133044
1722668054.1356342
1722668054.1475995
1722668054.1637611
1722668054.1792052
1722668054.197142
1722668054.214051
1722668054.2292042
1722668054.2474825
1722668054.2617183
1722668054.2787635
1722668054.3002348
1722668054.313145
1722668054.3298898
1722668054.349839
1722668054.3664494
1722668054.3828328
1722668054.395667
1722668054.419211
1722668054.4301002
1722668054.4451149
1722668054.464302
1722668054.4825625
1722668054.4977007
1722668054.5159276
1722668054.529072
1722668054.5486324
1722668054.56343
1722668054.581047
1722668054.5994775
1722668054.6157389
1722668054.6299784
1722668054.6677582
1722668054.6691828
1722668054.677932
1722668054.7003345
1722668054.7114496
1722668054.729119
1722668054.7441936
1722668054.7616322
1722668054.7762206
1722668054.7969744
1722668054.8135843
1722668054.831937
1722668054.8429818
1722668054.8606753
1722668054.8811634
1722668054.8938391
1722668054.9090781
1722668054.928083
1722668054.9474077
1722668054.9623942
1722668054.9767754
1722668054.9930797
1722668055.0126362
1722668055.0292392
1722668055.0464242
1722668055.0616221
1722668055.0786831
1722668055.0961432
1722668055.110563
1722668055.1313226
1722668055.141979
1722668055.1600616
1722668055.1747875
1722668055.1975627
1722668055.2128208
1722668055.2294345
1722668055.2628818
1722668055.2637758
1722668055.2762697
1722668055.2921505
1722668055.3099194
1722668055.3227072
1722668055.338518
1722668055.358165
1722668055.372663
1722668055.3890927
1722668055.4054816
1722668055.42028
1722668055.4370522
1722668055.4552836
1722668055.4779513
1722668055.4892783
1722668055.5045445
1722668055.5249612
1722668055.540239
1722668055.5583925
1722668055.5708923
1722668055.5876596
1722668055.6083274
1722668055.6223447
1722668055.6365469
1722668055.6541197
1722668055.6699662
1722668055.6890738
1722668055.709168
1722668055.7251754
1722668055.7407317
1722668055.7537727
1722668055.769359
1722668055.7873385
1722668055.8031554
1722668055.8278406
1722668055.839211
1722668055.8594973
1722668055.8758576
1722668055.8987415
1722668055.9014125
1722668055.9186134
1722668055.936484
1722668055.956506
1722668055.9701402
1722668055.9839523
1722668056.0060227
1722668056.018302
1722668056.0373871
1722668056.0557225
1722668056.0708508
1722668056.086583
1722668056.1062036
1722668056.1180348
1722668056.1355336
1722668056.151392
1722668056.165994
1722668056.1849737
1722668056.1990676
1722668056.2147264
1722668056.2318137
1722668056.2483659
1722668056.2663512
1722668056.2845232
1722668056.2998834
1722668056.3152416
1722668056.3324556
1722668056.3513277
1722668056.3666928
1722668056.3823211
1722668056.3991497
1722668056.4186301
1722668056.434384
1722668056.4527237
1722668056.470699
1722668056.4806771
1722668056.4978771
1722668056.5228517
1722668056.554754
1722668056.5557568
1722668056.5638034
1722668056.5817432
1722668056.5989254
1722668056.614318
1722668056.630671
1722668056.649661
1722668056.6691597
1722668056.6835544
1722668056.6971464
1722668056.71513
1722668056.735175
1722668056.7485793
1722668056.7689881
1722668056.7853928
1722668056.796196
1722668056.8141634
1722668056.8356986
1722668056.8511007
1722668056.865697
1722668056.8802664
1722668056.8992054
1722668056.9137626
1722668056.935216
1722668056.946837
1722668056.9650154
1722668056.9817986
1722668056.9966888
1722668057.0142233
1722668057.03462
1722668057.0525708
1722668057.0664175
1722668057.1011767
1722668057.1023142
1722668057.1146758
1722668057.129637
1722668057.147163
1722668057.1650321
1722668057.179785
1722668057.1976883
1722668057.2190104
1722668057.231475
1722668057.2448468
1722668057.262016
1722668057.27921
1722668057.2966578
1722668057.3140085
1722668057.3300834
1722668057.3502932
1722668057.3640106
1722668057.3783076
1722668057.3945408
1722668057.414996
1722668057.4305546
1722668057.4446392
1722668057.4618683
1722668057.4825623
1722668057.4957588
1722668057.5142305
1722668057.5275874
1722668057.5461955
1722668057.5659897
1722668057.581259
1722668057.5989256
1722668057.6117425
1722668057.6314883
1722668057.6470122
1722668057.6635244
1722668057.6824067
1722668057.705325
1722668057.7136605
1722668057.7293408
1722668057.7476568
1722668057.7627385
1722668057.7812343
1722668057.7982216
1722668057.8139017
1722668057.827151
1722668057.847754
1722668057.863486
1722668057.8819065
1722668057.8947124
1722668057.9158344
1722668057.9302347
1722668057.945355
1722668057.9617877
1722668057.9778733
1722668057.9986548
1722668058.014677
1722668058.030855
1722668058.0479171
1722668058.0658996
1722668058.080285
1722668058.0949183
1722668058.1130617
1722668058.1265566
1722668058.147702
1722668058.1602273
1722668058.177616
1722668058.1980176
1722668058.2076519
1722668058.2240899
1722668058.2417011
1722668058.2605212
1722668058.2746902
1722668058.2932422
1722668058.3080206
1722668058.3289554
1722668058.3649056
1722668058.365869
1722668058.3793101
1722668058.3918931
1722668058.4092677
1722668058.4273036
1722668058.441148
1722668058.4593022
1722668058.4773624
1722668058.4910624
1722668058.5078437
1722668058.531322
1722668058.5433025
1722668058.560075
1722668058.5743096
1722668058.5921526
1722668058.6104743
1722668058.6307945
1722668058.6420953
1722668058.660359
1722668058.6752312
1722668058.693693
1722668058.7136538
1722668058.7259912
1722668058.745055
1722668058.758
1722668058.7825482
1722668058.7910235
1722668058.8084018
1722668058.825736
1722668058.8464565
1722668058.8611517
1722668058.8746054
1722668058.8907259
1722668058.9073997
1722668058.9434628
1722668058.9454806
1722668058.9576833
1722668058.9738576
1722668058.9966629
1722668059.009992
1722668059.0274112
1722668059.0409193
1722668059.0557292
1722668059.073505
1722668059.0920632
1722668059.1067014
1722668059.1233199
1722668059.1404586
1722668059.1576693
1722668059.1758506
1722668059.1906142
1722668059.2067654
1722668059.223124
1722668059.240558
1722668059.256983
1722668059.2726676
1722668059.2923336
1722668059.308752
1722668059.3225725
1722668059.3394053
1722668059.3541696
1722668059.3722913
1722668059.389258
1722668059.4053104
1722668059.4217458
1722668059.44612
1722668059.4556727
1722668059.4753854
1722668059.4991834
1722668059.5209405
1722668059.524215
1722668059.5370393
1722668059.5567145
1722668059.5730398
1722668059.5888243
1722668059.6056685
1722668059.6202343
1722668059.6363838
1722668059.65633
1722668059.673111
1722668059.690446
1722668059.7036204
1722668059.7194135
1722668059.736118
1722668059.7538192
1722668059.7721987
1722668059.787033
1722668059.806079
1722668059.8217423
1722668059.8399441
1722668059.852269
1722668059.8687022
1722668059.8864498
1722668059.9065208
1722668059.922609
1722668059.9376736
1722668059.951515
1722668059.9694977
1722668059.9895296
1722668060.0051978
1722668060.0189521
1722668060.035372
1722668060.0519323
1722668060.070437
1722668060.0887737
1722668060.1069543
1722668060.1221948
1722668060.1353564
1722668060.1542966
1722668060.173816
1722668060.1874611
1722668060.2014897
1722668060.2192056
1722668060.236059
1722668060.253617
1722668060.2691014
1722668060.2892404
1722668060.3092074
1722668060.3203824
1722668060.3346589
1722668060.3559642
1722668060.3676462
1722668060.3886993
1722668060.4023013
1722668060.4189088
1722668060.4355917
1722668060.4562697
1722668060.4690576
1722668060.4849458
1722668060.5065567
1722668060.523704
1722668060.533175
1722668060.5535717
1722668060.5711272
1722668060.5876794
1722668060.6092534
1722668060.6171038
1722668060.6408331
1722668060.6507924
1722668060.6768572
1722668060.7303028
1722668060.7315638
1722668060.7331648
1722668060.7365177
1722668060.7559667
1722668060.7717745
1722668060.78583
1722668060.8031633
1722668060.8242924
1722668060.8368108
1722668060.8579862
1722668060.8713474
1722668060.8864799
1722668060.9048202
1722668060.9190369
1722668060.9346888
1722668060.9527302
1722668060.9727442
1722668060.9891784
1722668061.0039387
1722668061.016901
1722668061.0378544
1722668061.0499141
1722668061.0722868
1722668061.0839388
1722668061.1036353
1722668061.1176772
1722668061.139904
1722668061.1535738
1722668061.167163
1722668061.1874752
1722668061.2044601
1722668061.2170777
1722668061.2339969
1722668061.253678
1722668061.2711263
1722668061.2817705
1722668061.301908
1722668061.3168807
1722668061.3320305
1722668061.356475
1722668061.3678012
1722668061.3823535
1722668061.3992693
1722668061.4194791
1722668061.434134
1722668061.4490314
1722668061.4707966
1722668061.4856339
1722668061.503025
1722668061.5188732
1722668061.5381513
1722668061.5496528
1722668061.5701284
1722668061.5843766
1722668061.5991428
1722668061.615822
1722668061.632768
1722668061.6504214
1722668061.6670356
1722668061.6812809
1722668061.702762
1722668061.7155395
1722668061.732871
1722668061.7513874
1722668061.7664988
1722668061.7832277
1722668061.8017967
1722668061.8143222
1722668061.8337166
1722668061.846139
1722668061.8683484
1722668061.8827918
1722668061.9648962
1722668061.966023
1722668061.9707382
1722668061.9714944
1722668061.9726415
1722668061.982089
1722668061.9980993
1722668062.0147555
1722668062.0337625
1722668062.0501852
1722668062.064322
1722668062.0784378
1722668062.0996685
1722668062.1115403
1722668062.1336465
1722668062.1496913
1722668062.1642551
1722668062.179413
1722668062.1997101
1722668062.2104452
1722668062.2258236
1722668062.2423656
1722668062.2625072
1722668062.2799048
1722668062.3006227
1722668062.3118823
1722668062.326382
1722668062.3441799
1722668062.3640983
1722668062.3803282
1722668062.3905668
1722668062.4102194
1722668062.4297905
1722668062.44316
1722668062.4609058
1722668062.4788358
1722668062.4970229
1722668062.5091357
1722668062.5263228
1722668062.5467248
1722668062.5601861
1722668062.5766857
1722668062.5919075
1722668062.613742
1722668062.624266
1722668062.647663
1722668062.6593952
1722668062.680015
1722668062.6951172
1722668062.7119923
1722668062.7258205
1722668062.748547
1722668062.7590144
1722668062.7810495
1722668062.7940936
1722668062.8105872
1722668062.8297548
1722668062.8465166
1722668062.8628738
1722668062.8784034
1722668062.897469
1722668062.912107
1722668062.9275928
1722668062.94632
1722668062.9646888
1722668062.975965
1722668062.9995463
1722668063.014039
1722668063.0306833
1722668063.0473993
1722668063.0719645
1722668063.140246
1722668063.1418009
1722668063.1431503
1722668063.1440136
1722668063.1470325
1722668063.1630712
1722668063.1795855
1722668063.1960642
1722668063.2100692
1722668063.2311735
1722668063.2429311
1722668063.2633383
1722668063.2757723
1722668063.2968342
1722668063.3104541
1722668063.3294935
1722668063.3433444
1722668063.360329
1722668063.3752098
1722668063.3909757
1722668063.408375
1722668063.4266815
1722668063.4398837
1722668063.4616776
1722668063.4734924
1722668063.4951212
1722668063.5097578
1722668063.5252342
1722668063.5440755
1722668063.5566366
1722668063.5768344
1722668063.5927386
1722668063.6104963
1722668063.6234922
1722668063.6464705
1722668063.6560163
1722668063.6787589
1722668063.6909971
1722668063.7109249
1722668063.7260716
1722668063.742122
1722668063.7584198
1722668063.776644
1722668063.7924566
1722668063.8053265
1722668063.824569
1722668063.8432858
1722668063.8588355
1722668063.8740025
1722668063.8879972
1722668063.90713
1722668063.925605
1722668063.940894
1722668063.9598281
1722668063.9749188
1722668063.9908729
1722668064.0087032
1722668064.0245013
1722668064.0430367
1722668064.0605495
1722668064.076131
1722668064.090656
1722668064.1107497
1722668064.1262386
1722668064.1437304
1722668064.1569114
1722668064.1754727
1722668064.1925414
1722668064.2087395
1722668064.225678
1722668064.2428496
1722668064.2730784
1722668064.2757115
1722668064.2884324
1722668064.3069682
1722668064.321953
1722668064.3700016
1722668064.3719642
1722668064.375651
1722668064.3911784
1722668064.408121
1722668064.4249477
1722668064.4420822
1722668064.4548116
1722668064.4762485
1722668064.487387
1722668064.5090563
1722668064.5215678
1722668064.5411565
1722668064.5529559
1722668064.5691712
1722668064.5879087
1722668064.60691
1722668064.6209383
1722668064.6411777
1722668064.6582155
1722668064.6703818
1722668064.691367
1722668064.7042205
1722668064.7256362
1722668064.7404046
1722668064.7567375
1722668064.7710443
1722668064.7897058
1722668064.805627
1722668064.8236752
1722668064.8391087
1722668064.8571954
1722668064.8713334
1722668064.8831317
1722668064.900128
1722668064.9161232
1722668064.932861
1722668064.9483283
1722668064.9718816
1722668064.9873264
1722668065.0009334
1722668065.0179617
1722668065.0358903
1722668065.0533156
1722668065.0668113
1722668065.0877554
1722668065.100492
1722668065.114228
1722668065.1333654
1722668065.1540654
1722668065.1668732
1722668065.1854248
1722668065.2015848
1722668065.2181165
1722668065.2306366
1722668065.252391
1722668065.2676818
1722668065.2809541
1722668065.2982967
1722668065.31806
1722668065.3332207
1722668065.3500726
1722668065.3680406
1722668065.38378
1722668065.3991675
1722668065.412886
1722668065.4344199
