2024-08-03 15:23:09
../stream-replay/logs/stuttering-6205.txt
1722669747.0689917
1722669747.0706272
1722669747.0723999
1722669747.072554
1722669747.072725
1722669747.072896
1722669747.0730708
1722669747.088537
1722669747.1051059
1722669747.1211734
1722669747.1374397
1722669747.1538508
1722669747.1700168
1722669747.1890981
1722669747.2027614
1722669747.2192492
1722669747.2355661
1722669747.2519355
1722669747.2688599
1722669747.2849138
1722669747.3016295
1722669747.3178248
1722669747.334118
1722669747.3508494
1722669747.3670115
1722669747.3833904
1722669747.4001575
1722669747.4317896
1722669747.433081
1722669747.4503021
1722669747.4664023
1722669747.495758
1722669747.507236
1722669747.521215
1722669747.5390537
1722669747.5511749
1722669747.5811057
1722669747.5904033
1722669747.6014414
1722669747.6179821
1722669747.6365361
1722669747.6532176
1722669747.681292
1722669747.6874738
1722669747.7031562
1722669747.7233338
1722669747.7368727
1722669747.7547925
1722669747.7713366
1722669747.791273
1722669747.8089056
1722669747.8194554
1722669747.8360534
1722669747.8544948
1722669747.869085
1722669747.8928752
1722669747.9074123
1722669747.931005
1722669747.941003
1722669747.952879
1722669747.9710095
1722669748.0003164
1722669748.003224
1722669748.021432
1722669748.0366356
1722669748.0525448
1722669748.0693183
1722669748.0858812
1722669748.1021342
1722669748.1188197
1722669748.1355097
1722669748.1519287
1722669748.1685548
1722669748.1868703
1722669748.2018645
1722669748.2201018
1722669748.2349198
1722669748.2510548
1722669748.2673597
1722669748.2838788
1722669748.3026168
1722669748.317348
1722669748.3338628
1722669748.3506458
1722669748.3675394
1722669748.3845282
1722669748.4100459
1722669748.4179468
1722669748.434564
1722669748.4508746
1722669748.4808528
1722669748.4993212
1722669748.5043833
1722669748.5202923
1722669748.5352418
1722669748.5646698
1722669748.575832
1722669748.585109
1722669748.605139
1722669748.6184666
1722669748.6352236
1722669748.6663632
1722669748.668972
1722669748.6857677
1722669748.707459
1722669748.7188838
1722669748.7367208
1722669748.7521389
1722669748.7703564
1722669748.7907758
1722669748.8014205
1722669748.8183064
1722669748.8384979
1722669748.853671
1722669748.8754811
1722669748.8900712
1722669748.9182644
1722669748.9245014
1722669748.9350991
1722669748.956056
1722669748.9713852
1722669748.9845488
1722669749.0012634
1722669749.0200446
1722669749.0345397
1722669749.0530264
1722669749.0696282
1722669749.0861702
1722669749.102766
1722669749.1189723
1722669749.136058
1722669749.1526637
1722669749.1685143
1722669749.1869988
1722669749.2017207
1722669749.2193356
1722669749.235628
1722669749.2509027
1722669749.2696087
1722669749.2862413
1722669749.303251
1722669749.3193662
1722669749.3358355
1722669749.356098
1722669749.3716235
1722669749.4059057
1722669749.4060707
1722669749.4216733
1722669749.43985
1722669749.4611678
1722669749.4884014
1722669749.493298
1722669749.5119464
1722669749.5219507
1722669749.563864
1722669749.567029
1722669749.5715811
1722669749.5897462
1722669749.6061652
1722669749.6228478
1722669749.6503742
1722669749.655336
1722669749.6730306
1722669749.691918
1722669749.7051065
1722669749.7216449
1722669749.7383149
1722669749.7602184
1722669749.78082
1722669749.7877305
1722669749.8046498
1722669749.8211868
1722669749.8381696
1722669749.8608606
1722669749.8748047
1722669749.9035816
1722669749.9101331
1722669749.9227867
1722669749.9464347
1722669749.9590714
1722669749.9735239
1722669749.9898264
1722669750.0066676
1722669750.0236921
1722669750.04125
1722669750.056362
1722669750.0730808
1722669750.0898225
1722669750.109535
1722669750.1229367
1722669750.139816
1722669750.1563213
1722669750.1745453
1722669750.1898527
1722669750.205943
1722669750.2238574
1722669750.2428584
1722669750.2566073
1722669750.273025
1722669750.289691
1722669750.305608
1722669750.3222282
1722669750.3395188
1722669750.3566098
1722669750.381066
1722669750.3891423
1722669750.4060538
1722669750.4223533
1722669750.450056
1722669750.4715753
1722669750.4758415
1722669750.4964817
1722669750.5057876
1722669750.5345592
1722669750.545089
1722669750.5566573
1722669750.5763328
1722669750.5895913
1722669750.606272
1722669750.6267889
1722669750.6392705
1722669750.6555083
1722669750.674406
1722669750.6889496
1722669750.7075255
1722669750.7220128
1722669750.7423317
1722669750.7571945
1722669750.772561
1722669750.7893116
1722669750.805458
1722669750.8361275
1722669750.8431373
1722669750.856727
1722669750.8799765
1722669750.9011528
1722669750.9054966
1722669750.9291728
1722669750.9463933
1722669750.9561846
1722669750.974774
1722669750.990228
1722669751.0062728
1722669751.022974
1722669751.039847
1722669751.059623
1722669751.0745466
1722669751.0910718
1722669751.1082625
1722669751.1242056
1722669751.1409433
1722669751.1573136
1722669751.175367
1722669751.1898415
1722669751.2066674
1722669751.222996
1722669751.2406604
1722669751.2565808
1722669751.276011
1722669751.2894945
1722669751.3059154
1722669751.3226833
1722669751.3409834
1722669751.3727245
1722669751.375029
1722669751.3910859
1722669751.4065871
1722669751.4356003
1722669751.4487271
1722669751.4676418
1722669751.475807
1722669751.4913726
1722669751.5227985
1722669751.5300446
1722669751.5416958
1722669751.5582142
1722669751.5752
1722669751.591341
1722669751.6196165
1722669751.6240852
1722669751.6414542
1722669751.6709888
1722669751.6742146
1722669751.6929245
1722669751.7093372
1722669751.7296445
1722669751.7467856
1722669751.7588222
1722669751.7773833
1722669751.7944045
1722669751.8087854
1722669751.8299775
1722669751.8460023
1722669751.8779924
1722669751.8854194
1722669751.8941724
1722669751.9167984
1722669751.9321735
1722669751.942328
1722669751.961528
1722669751.9780774
1722669751.993723
1722669752.0107508
1722669752.0270545
1722669752.0440729
1722669752.0605564
1722669752.0769935
1722669752.0935051
1722669752.1099668
1722669752.1260672
1722669752.1431062
1722669752.1620338
1722669752.1770654
1722669752.193551
1722669752.2104166
1722669752.2299538
1722669752.2428272
1722669752.2605526
1722669752.2754133
1722669752.2928534
1722669752.3135517
1722669752.3261955
1722669752.352199
1722669752.3616307
1722669752.3788464
1722669752.3963017
1722669752.422151
1722669752.440934
1722669752.4484928
1722669752.46721
1722669752.4780498
1722669752.508311
1722669752.5186925
1722669752.529247
1722669752.5455709
1722669752.5641103
1722669752.5786548
1722669752.6096735
1722669752.6118014
1722669752.6296082
1722669752.652354
1722669752.6636736
1722669752.678985
1722669752.6971767
1722669752.7180464
1722669752.7345183
1722669752.7458873
1722669752.7621768
1722669752.7786734
1722669752.7973182
1722669752.8198175
1722669752.8333077
1722669752.8620121
1722669752.8694324
1722669752.881341
1722669752.9040258
1722669752.9162867
1722669752.930878
1722669752.9450934
1722669752.9627419
1722669752.9783401
1722669752.995517
1722669753.0117316
1722669753.030115
1722669753.0459418
1722669753.062872
1722669753.0792565
1722669753.0958264
1722669753.1157804
1722669753.1289656
1722669753.146715
1722669753.1621048
1722669753.1786969
1722669753.1953137
1722669753.211393
1722669753.2281108
1722669753.244048
1722669753.2612271
1722669753.2776136
1722669753.2963488
1722669753.3119893
1722669753.343355
1722669753.343773
1722669753.361615
1722669753.3790257
1722669753.4006808
1722669753.4262912
1722669753.4318888
1722669753.4471083
1722669753.4622655
1722669753.4863887
1722669753.5056775
1722669753.5112867
1722669753.527511
1722669753.5439813
1722669753.5640872
1722669753.5846398
1722669753.593843
1722669753.6103082
1722669753.633138
1722669753.643541
1722669753.6596165
1722669753.677034
1722669753.6981275
1722669753.7179148
1722669753.7280874
1722669753.742553
1722669753.7591484
1722669753.7753267
1722669753.7970414
1722669753.814221
1722669753.8332846
1722669753.8547516
1722669753.8586042
1722669753.881698
1722669753.899278
1722669753.910018
1722669753.9282584
1722669753.9462974
1722669753.9612122
1722669753.9773126
1722669753.9954078
1722669754.0098238
1722669754.0263405
1722669754.0428345
1722669754.0612345
1722669754.0765436
1722669754.094942
1722669754.1110775
1722669754.1286292
1722669754.142704
1722669754.1610024
1722669754.1780798
1722669754.193066
1722669754.209579
1722669754.2275193
1722669754.2461817
1722669754.262437
1722669754.279492
1722669754.2978692
1722669754.331447
1722669754.3316042
1722669754.3503737
1722669754.364537
1722669754.3931923
1722669754.4057357
1722669754.4182048
1722669754.4382954
1722669754.4489374
1722669754.475525
1722669754.4896967
1722669754.4982464
1722669754.5156631
1722669754.531331
1722669754.5480077
1722669754.5789132
1722669754.583341
1722669754.6003418
1722669754.622419
1722669754.6336393
1722669754.649649
1722669754.6658068
1722669754.6839027
1722669754.7050683
1722669754.7160373
1722669754.7320416
1722669754.750448
1722669754.7652187
1722669754.7917433
1722669754.8064415
1722669754.8312218
1722669754.8387392
1722669754.8490334
1722669754.8878691
1722669754.88962
1722669754.8995607
1722669754.9166355
1722669754.9328868
1722669754.951063
1722669754.965893
1722669754.9821396
1722669755.0005417
1722669755.0150197
1722669755.033861
1722669755.050568
1722669755.0668437
1722669755.0831041
1722669755.1029441
1722669755.1180644
1722669755.1326447
1722669755.149839
1722669755.1656737
1722669755.1811116
1722669755.197604
1722669755.2155666
1722669755.2303066
1722669755.2472587
1722669755.2638774
1722669755.2807858
1722669755.3123574
1722669755.3143609
1722669755.330766
1722669755.3475344
1722669755.3738098
1722669755.3908582
1722669755.402543
1722669755.4169955
1722669755.4312618
1722669755.4602206
1722669755.4705102
1722669755.4819415
1722669755.498695
1722669755.5154264
1722669755.5340745
1722669755.5617754
1722669755.5664294
1722669755.5845098
1722669755.6038926
1722669755.6172967
1722669755.6337993
1722669755.6498291
1722669755.6725266
1722669755.6908605
1722669755.7024405
1722669755.7193074
1722669755.7366774
1722669755.7523103
1722669755.7771547
1722669755.7882578
1722669755.819248
1722669755.826776
1722669755.8361154
1722669755.8551793
1722669755.8785717
1722669755.8869045
1722669755.9037445
1722669755.92025
1722669755.9364574
1722669755.9543302
1722669755.9698758
1722669755.9866455
1722669756.0040836
1722669756.0195432
1722669756.036473
1722669756.0530088
1722669756.0721285
1722669756.0879185
1722669756.1031268
1722669756.1202402
1722669756.1367283
1722669756.1531475
1722669756.169555
1722669756.1857147
1722669756.2022116
1722669756.2188094
1722669756.2371264
1722669756.2542183
1722669756.270553
1722669756.2970183
1722669756.3037732
1722669756.320926
1722669756.336932
1722669756.3580084
1722669756.378187
1722669756.3951485
1722669756.4142745
1722669756.421608
1722669756.4518275
1722669756.4659896
1722669756.4717605
1722669756.4902806
1722669756.5062292
1722669756.52266
1722669756.5523517
1722669756.5561545
1722669756.5735016
1722669756.595241
1722669756.6066685
1722669756.6257248
1722669756.640423
1722669756.6597571
1722669756.6772342
1722669756.6903346
1722669756.709334
1722669756.7231832
1722669756.7399411
1722669756.7648273
1722669756.7798784
1722669756.807271
1722669756.8148603
1722669756.8229687
1722669756.8465612
1722669756.862469
1722669756.8724716
1722669756.8898041
1722669756.9073484
1722669756.9249961
1722669756.9396493
1722669756.956485
1722669756.9730475
1722669756.9893124
1722669757.0059822
1722669757.0245888
1722669757.039324
1722669757.0558758
1722669757.0733316
1722669757.0896094
1722669757.1061807
1722669757.1225638
1722669757.1390574
1722669757.155674
1722669757.174029
1722669757.1901805
1722669757.204029
1722669757.2217717
1722669757.2368026
1722669757.2539842
1722669757.2764404
1722669757.2854679
1722669757.3080733
1722669757.3177109
1722669757.339499
1722669757.359136
1722669757.370389
1722669757.3849497
1722669757.4000368
1722669757.4252148
1722669757.437839
1722669757.4500837
1722669757.4667304
1722669757.4832373
1722669757.4992762
1722669757.5270112
1722669757.532417
1722669757.54958
1722669757.572258
1722669757.584449
1722669757.6087277
1722669757.6162603
1722669757.6400468
1722669757.6547909
1722669757.6659894
1722669757.683903
1722669757.6997998
1722669757.7166939
1722669757.7385015
1722669757.7507799
1722669757.783013
1722669757.7908704
1722669757.7984262
1722669757.822596
1722669757.8347337
1722669757.849143
1722669757.8657765
1722669757.8840878
1722669757.8995397
1722669757.9201221
1722669757.9325476
1722669757.949239
1722669757.9653194
1722669757.9819276
1722669757.9990144
1722669758.0147777
1722669758.031572
1722669758.047882
1722669758.0655193
1722669758.0816329
1722669758.0998409
1722669758.1171975
1722669758.1342516
1722669758.151022
1722669758.1679904
1722669758.184853
1722669758.201868
1722669758.2183938
1722669758.2358758
1722669758.2660942
1722669758.2673852
1722669758.2859955
1722669758.3017445
1722669758.328064
1722669758.3493574
1722669758.3567803
1722669758.3700948
1722669758.3850012
1722669758.4144828
1722669758.424471
1722669758.4351492
1722669758.4545515
1722669758.4683244
1722669758.4858482
1722669758.5141835
1722669758.5173142
1722669758.5349436
1722669758.55448
1722669758.5704734
1722669758.5859456
1722669758.604038
1722669758.6241374
1722669758.6436737
1722669758.653763
1722669758.6703484
1722669758.6864862
1722669758.7027655
1722669758.7218235
1722669758.7387254
1722669758.7699568
1722669758.776679
1722669758.786627
1722669758.8050072
1722669758.8230858
1722669758.8368642
1722669758.8539882
1722669758.8713622
1722669758.8893144
1722669758.9084408
1722669758.919402
1722669758.9361036
1722669758.9556696
1722669758.969003
1722669758.9858124
1722669759.0025358
1722669759.018763
1722669759.0351422
1722669759.0528228
1722669759.0680254
1722669759.0860991
1722669759.1013253
1722669759.117872
1722669759.1354527
1722669759.1521897
1722669759.1669524
1722669759.183939
1722669759.2006245
1722669759.2197554
1722669759.2433264
1722669759.250855
1722669759.2683196
1722669759.2841618
1722669759.3193293
1722669759.3268106
1722669759.3394105
1722669759.3593588
1722669759.3696613
1722669759.3997784
1722669759.4125667
1722669759.4200983
1722669759.4366992
1722669759.4537377
1722669759.4744494
1722669759.4953349
1722669759.5051441
1722669759.5200357
1722669759.5439572
1722669759.5547721
1722669759.5734127
1722669759.590156
1722669759.611437
1722669759.6250927
1722669759.6398618
1722669759.6571434
1722669759.6727955
1722669759.6900873
1722669759.714259
1722669759.7291658
1722669759.7602866
1722669759.7667165
1722669759.7746532
1722669759.7953243
1722669759.8146503
1722669759.8250127
1722669759.841399
1722669759.8584538
1722669759.8749006
1722669759.8931742
1722669759.9080846
1722669759.92468
1722669759.9410589
1722669759.9577873
1722669759.9744427
1722669759.9907968
1722669760.0074093
1722669760.0259311
1722669760.0411587
1722669760.0580432
1722669760.0765598
1722669760.090856
1722669760.1076415
1722669760.1239119
1722669760.14057
1722669760.158865
1722669760.1741383
1722669760.190157
1722669760.2085307
1722669760.2383044
1722669760.2408876
1722669760.257677
1722669760.2833366
1722669760.3030179
1722669760.3162339
1722669760.3300219
1722669760.3502648
1722669760.3600068
1722669760.3880024
1722669760.400422
1722669760.4111483
1722669760.4290464
1722669760.4449027
1722669760.4620855
1722669760.4924867
1722669760.500494
1722669760.5129275
1722669760.5334685
1722669760.5485919
1722669760.5641732
1722669760.580967
1722669760.602575
1722669760.618281
1722669760.6304688
1722669760.6466584
1722669760.66556
1722669760.6837404
1722669760.7033563
1722669760.719624
1722669760.7484422
1722669760.753949
1722669760.7635198
1722669760.7865067
1722669760.8053029
1722669760.8142347
1722669760.8309522
1722669760.8487785
1722669760.86397
1722669760.8806283
1722669760.8970232
1722669760.916104
1722669760.9302208
1722669760.9466372
1722669760.9660063
1722669760.9822428
1722669760.9968135
1722669761.014093
1722669761.0311651
1722669761.046181
1722669761.063205
1722669761.080301
1722669761.0959496
1722669761.1128287
1722669761.1295748
1722669761.145909
1722669761.1660361
1722669761.1792495
1722669761.1960983
1722669761.230354
1722669761.2313352
1722669761.2463422
1722669761.2620447
1722669761.2897637
1722669761.3019364
1722669761.3217647
1722669761.3307974
1722669761.3460093
1722669761.3669949
1722669761.382895
1722669761.4110744
1722669761.4111414
1722669761.4277556
1722669761.4441745
1722669761.4739966
1722669761.4771903
1722669761.4942255
1722669761.5180087
1722669761.530181
1722669761.5437844
1722669761.5623
1722669761.5821865
1722669761.5960596
1722669761.6106956
1722669761.62635
1722669761.641821
1722669761.659144
1722669761.685248
1722669761.6975703
1722669761.7259517
1722669761.7341492
1722669761.745212
1722669761.7622602
1722669761.7859364
1722669761.793978
1722669761.8114693
1722669761.8267274
1722669761.8429105
1722669761.8616204
1722669761.8768127
1722669761.8929982
1722669761.9087846
1722669761.9254577
1722669761.9418957
1722669761.9589317
1722669761.9757867
1722669761.991091
1722669762.007532
1722669762.02613
1722669762.0409784
1722669762.0576212
1722669762.074075
1722669762.0904255
1722669762.1070278
1722669762.1251764
1722669762.1399899
1722669762.156034
1722669762.1734607
1722669762.202156
1722669762.2064898
1722669762.224167
1722669762.242477
1722669762.260598
1722669762.290041
1722669762.296632
1722669762.3089998
1722669762.3236797
1722669762.346221
1722669762.3688002
1722669762.374068
1722669762.3915968
1722669762.4082868
1722669762.4251747
1722669762.4539237
1722669762.4575872
1722669762.4747033
1722669762.4980435
1722669762.5083377
1722669762.5249462
1722669762.543223
1722669762.563292
1722669762.5792027
1722669762.5976782
1722669762.6101441
1722669762.6258564
1722669762.6425958
1722669762.6667116
1722669762.6800444
1722669762.7117712
1722669762.7177944
1722669762.727021
1722669762.7458947
1722669762.7626574
1722669762.7773137
1722669762.7936726
1722669762.8101606
1722669762.8266652
1722669762.8434527
1722669762.861843
1722669762.87635
1722669762.8935182
1722669762.9111598
1722669762.9258847
1722669762.942673
1722669762.9589226
1722669762.9758022
1722669762.993176
1722669763.0123518
1722669763.027875
1722669763.0448666
1722669763.0607755
1722669763.0771594
1722669763.0965827
1722669763.1139655
1722669763.130195
1722669763.148997
1722669763.1641626
1722669763.197097
1722669763.19793
1722669763.2143257
1722669763.2310884
1722669763.2646034
1722669763.280092
1722669763.2845168
1722669763.301214
1722669763.315026
1722669763.3446095
1722669763.3549714
1722669763.3656793
1722669763.3824878
1722669763.400608
1722669763.418074
1722669763.4458802
1722669763.4487596
1722669763.4659235
1722669763.4878943
1722669763.4991663
1722669763.5168612
1722669763.5325224
1722669763.5559595
1722669763.5802846
1722669763.581651
1722669763.5986037
1722669763.6155024
1722669763.632924
1722669763.653925
1722669763.6739454
1722669763.7019749
1722669763.7092304
1722669763.7172358
1722669763.739948
1722669763.7613637
1722669763.7672946
1722669763.783848
1722669763.7997258
1722669763.8162165
1722669763.8331788
1722669763.8493938
1722669763.86579
1722669763.882702
1722669763.899302
1722669763.9178193
1722669763.9341555
1722669763.9508681
1722669763.9657197
1722669763.9828787
1722669763.9988012
1722669764.015464
1722669764.0315275
1722669764.0474062
1722669764.0644016
1722669764.0832703
1722669764.097574
1722669764.114232
1722669764.1305258
1722669764.148027
1722669764.1748564
1722669764.1796644
1722669764.197053
1722669764.2132692
1722669764.2426615
1722669764.2556906
1722669764.2738082
1722669764.2853587
1722669764.3018599
1722669764.3252769
1722669764.3373518
1722669764.3482668
1722669764.3655272
1722669764.3816981
1722669764.398336
1722669764.4217215
1722669764.4316187
1722669764.4483454
1722669764.4673834
1722669764.4818075
1722669764.4981732
1722669764.514605
1722669764.5367947
1722669764.554971
1722669764.5663552
1722669764.5844786
1722669764.5991437
1722669764.6155405
1722669764.6393557
1722669764.6517327
1722669764.6854625
1722669764.6900208
1722669764.698643
1722669764.7235518
1722669764.7395875
1722669764.7521145
1722669764.7659936
1722669764.7834952
1722669764.7993505
1722669764.8159187
1722669764.8356802
1722669764.8493593
1722669764.8665137
1722669764.8818648
1722669764.8988695
1722669764.9153678
1722669764.933551
1722669764.9501061
1722669764.9671838
1722669764.9848976
1722669765.0008667
1722669765.0176666
1722669765.034305
1722669765.0508623
1722669765.067347
1722669765.0842905
1722669765.099916
1722669765.1171029
1722669765.1351266
1722669765.1672733
1722669765.168208
1722669765.1862116
1722669765.2020583
1722669765.2242794
1722669765.2428737
1722669765.2603426
1722669765.271608
1722669765.2880871
1722669765.3151488
1722669765.3247974
1722669765.3372242
1722669765.355768
1722669765.3707983
1722669765.3871024
1722669765.4184496
1722669765.4217122
1722669765.4372046
1722669765.462523
1722669765.4703782
1722669765.4872851
1722669765.5037596
1722669765.5259686
1722669765.5437732
1722669765.5532546
1722669765.571423
1722669765.5889833
1722669765.6154358
1722669765.6244328
1722669765.6390917
1722669765.6613219
1722669765.674856
1722669765.6878881
1722669765.7127192
1722669765.7284994
1722669765.737568
1722669765.7545328
1722669765.7712753
1722669765.7880788
1722669765.805105
1722669765.8225856
1722669765.8384676
1722669765.85307
1722669765.8700466
1722669765.8871124
1722669765.9056196
1722669765.9204679
1722669765.9366844
1722669765.954587
1722669765.9698143
1722669765.9863696
1722669766.0027616
1722669766.021087
1722669766.040618
1722669766.0544426
1722669766.0713558
1722669766.0887806
1722669766.104552
1722669766.1219883
1722669766.1536353
1722669766.1543114
1722669766.1712825
1722669766.1901703
1722669766.2166266
1722669766.229751
1722669766.2424514
1722669766.2619402
1722669766.2737708
1722669766.3009074
1722669766.313487
1722669766.3240407
1722669766.3405547
1722669766.357087
1722669766.3741455
1722669766.4050236
1722669766.4069889
1722669766.4245234
1722669766.4450142
1722669766.4583592
1722669766.476313
1722669766.4912698
1722669766.512681
1722669766.5308363
1722669766.5412183
1722669766.5576608
1722669766.5760996
1722669766.5916004
1722669766.6148112
1722669766.630529
1722669766.6608531
1722669766.6644213
1722669766.67467
1722669766.693647
1722669766.7167158
1722669766.7266355
1722669766.7446184
1722669766.7580388
1722669766.7751245
1722669766.7916172
1722669766.8083923
1722669766.8248954
1722669766.843507
1722669766.8580015
1722669766.8735056
1722669766.8902311
1722669766.9074972
1722669766.9263473
1722669766.9405608
1722669766.9579415
1722669766.9743586
1722669766.9907477
1722669767.0075655
1722669767.0240974
1722669767.0418735
1722669767.0567245
1722669767.0731287
1722669767.090074
1722669767.1087987
1722669767.1323733
1722669767.1395235
1722669767.1564133
1722669767.1724288
1722669767.1934025
1722669767.2126048
1722669767.2250795
1722669767.2404437
1722669767.2553582
1722669767.2762773
1722669767.2936232
1722669767.3057973
1722669767.321845
1722669767.3382618
1722669767.3549871
1722669767.384973
1722669767.3883138
1722669767.4056625
1722669767.4240286
1722669767.4388888
1722669767.4552114
1722669767.4707544
1722669767.4903224
1722669767.5064166
1722669767.5232904
1722669767.537803
1722669767.5543618
1722669767.5708253
1722669767.5905213
1722669767.609948
1722669767.627772
1722669767.6446116
1722669767.6553116
1722669767.6745615
1722669767.6912756
1722669767.7069647
1722669767.7220993
1722669767.7382941
1722669767.7546046
1722669767.7723873
1722669767.787663
1722669767.8039238
1722669767.8204885
1722669767.8373053
1722669767.8549569
1722669767.8737023
1722669767.8890715
1722669767.9055376
1722669767.9222927
1722669767.940216
1722669767.9556653
1722669767.9728563
1722669767.9898686
1722669768.0057902
1722669768.0238411
1722669768.039711
1722669768.057927
1722669768.0721402
1722669768.0887024
1722669768.1230457
1722669768.1232092
1722669768.1404872
1722669768.157564
1722669768.1797972
1722669768.2008
1722669768.2095764
1722669768.2315629
1722669768.2403438
1722669768.268435
1722669768.279531
1722669768.2901957
1722669768.306941
1722669768.32349
1722669768.3401635
1722669768.3681235
1722669768.3726885
1722669768.3902698
1722669768.4151099
1722669768.424643
1722669768.4390314
1722669768.4554267
1722669768.4774535
1722669768.4948888
1722669768.5069141
1722669768.5223167
1722669768.5380518
1722669768.5547926
1722669768.5777614
1722669768.594715
1722669768.6195753
1722669768.6271052
1722669768.6381848
1722669768.6601858
1722669768.6791644
1722669768.6875527
1722669768.7054365
1722669768.7208495
1722669768.740474
1722669768.7549644
1722669768.7733128
1722669768.7879689
1722669768.8041983
1722669768.8205686
1722669768.8366883
1722669768.8528812
1722669768.869669
1722669768.886113
1722669768.9025922
1722669768.9208097
1722669768.9356294
1722669768.954271
1722669768.9696848
1722669768.9953833
1722669769.0021486
1722669769.018557
1722669769.0377684
1722669769.051616
1722669769.068769
1722669769.1039212
1722669769.1040826
1722669769.1175156
1722669769.1339755
1722669769.1631958
1722669769.1734686
1722669769.1880999
1722669769.2057376
1722669769.2169714
1722669769.2449086
1722669769.2558463
1722669769.2690082
1722669769.2856698
1722669769.3054464
1722669769.3218148
1722669769.3491042
1722669769.3556244
1722669769.3719203
1722669769.394835
1722669769.4065514
1722669769.4220395
1722669769.437731
1722669769.460489
1722669769.4771168
1722669769.4870756
1722669769.505367
1722669769.520621
1722669769.5372102
1722669769.5625703
1722669769.577718
1722669769.60238
1722669769.621162
1722669769.631348
1722669769.6417465
1722669769.6597555
1722669769.6719365
1722669769.6878881
1722669769.7054262
1722669769.7213278
1722669769.7404158
1722669769.7544065
1722669769.770923
1722669769.7873657
1722669769.8030293
1722669769.81966
1722669769.835481
1722669769.8527486
1722669769.868381
1722669769.8850837
1722669769.903307
1722669769.9199018
1722669769.9354398
1722669769.9520624
1722669769.9693358
1722669769.9857385
1722669770.0024803
1722669770.0188591
1722669770.035427
1722669770.0523446
1722669770.0873094
1722669770.087476
1722669770.1026108
1722669770.1186523
1722669770.1467822
1722669770.1655543
1722669770.171377
1722669770.1870859
1722669770.2022073
1722669770.2219026
1722669770.246308
1722669770.2525935
1722669770.267718
1722669770.2843392
1722669770.3002677
1722669770.3227832
1722669770.3330398
1722669770.3491454
1722669770.3724027
1722669770.382403
1722669770.3992078
1722669770.4155385
1722669770.4372394
1722669770.4540443
1722669770.4646938
1722669770.4830074
1722669770.4998229
1722669770.5184636
1722669770.5416248
1722669770.5547888
1722669770.580658
1722669770.5901277
1722669770.6005108
1722669770.623273
1722669770.6411498
1722669770.6505303
1722669770.6670408
1722669770.6848142
1722669770.7016387
1722669770.7170055
1722669770.7352414
1722669770.7493865
1722669770.766502
1722669770.7820325
1722669770.7986166
1722669770.8178391
1722669770.831091
1722669770.848268
1722669770.864548
1722669770.881254
1722669770.897569
1722669770.9137962
1722669770.9303782
1722669770.9472868
1722669770.9638634
1722669770.9818473
1722669770.9971144
1722669771.019082
1722669771.031796
1722669771.054072
1722669771.0624208
1722669771.078725
1722669771.09575
1722669771.1183932
1722669771.1338985
1722669771.1469219
1722669771.1659353
1722669771.1794982
1722669771.2062564
1722669771.223236
1722669771.227705
1722669771.244369
1722669771.2604706
1722669771.2770338
1722669771.300424
1722669771.3098326
1722669771.3265164
1722669771.3488393
1722669771.3590665
1722669771.3758395
1722669771.3923857
1722669771.4139297
1722669771.4322405
1722669771.4419987
1722669771.458493
1722669771.4757798
1722669771.4922361
1722669771.5165417
1722669771.5292103
1722669771.5585082
1722669771.5662599
1722669771.575293
1722669771.5985289
1722669771.61105
1722669771.6252174
1722669771.6418245
1722669771.6581774
1722669771.6747298
1722669771.6927304
1722669771.707137
1722669771.723462
1722669771.7417088
1722669771.758474
1722669771.7732518
1722669771.7901063
1722669771.808243
1722669771.8228617
1722669771.8394475
1722669771.8553238
1722669771.8734987
1722669771.890482
1722669771.906094
1722669771.924754
1722669771.938011
1722669771.9548135
1722669771.973256
1722669771.991623
1722669772.0083137
1722669772.0412297
1722669772.0414155
1722669772.0647495
1722669772.0743809
1722669772.1046116
1722669772.1258245
1722669772.1302595
1722669772.1458976
1722669772.1573262
1722669772.186479
1722669772.1949234
1722669772.2074564
1722669772.2259974
1722669772.2463553
1722669772.2593186
1722669772.282042
1722669772.291569
1722669772.3108325
1722669772.3327432
1722669772.3418689
1722669772.3584664
1722669772.3748908
1722669772.3969758
1722669772.4125113
1722669772.4234912
1722669772.442115
1722669772.4587984
1722669772.473721
1722669772.4970987
1722669772.512433
1722669772.5393834
1722669772.5455232
1722669772.5565026
1722669772.578314
1722669772.5945976
1722669772.6061597
1722669772.6231136
1722669772.6411674
1722669772.656398
1722669772.6732738
1722669772.6915088
1722669772.7077477
1722669772.7244048
1722669772.7431743
1722669772.7595153
1722669772.7769969
1722669772.7958143
1722669772.8116205
1722669772.8257096
1722669772.8425424
1722669772.860392
1722669772.8767164
1722669772.8952594
1722669772.909703
1722669772.929311
1722669772.9432921
1722669772.958918
1722669772.9777355
1722669772.9944165
1722669773.0266538
1722669773.0268133
1722669773.0438678
1722669773.0617726
1722669773.0893018
1722669773.106713
1722669773.1144443
1722669773.1328917
1722669773.1422474
1722669773.1670666
1722669773.1908567
1722669773.192195
1722669773.2084937
1722669773.2256515
1722669773.2431817
1722669773.2698667
1722669773.2742
1722669773.2918015
1722669773.3137653
1722669773.3263278
1722669773.3411167
1722669773.3588572
1722669773.3780289
1722669773.3961928
1722669773.4068468
1722669773.4230413
1722669773.4398408
1722669773.4560947
1722669773.4811409
1722669773.493289
1722669773.5139573
1722669773.5329082
1722669773.5387251
1722669773.5619931
1722669773.5796402
1722669773.5881035
1722669773.6052864
1722669773.621647
1722669773.6422703
1722669773.6652071
1722669773.6697223
1722669773.6862192
1722669773.702939
1722669773.7197976
1722669773.7357972
1722669773.7532783
1722669773.767868
1722669773.7868347
1722669773.801793
1722669773.8176343
1722669773.8341777
1722669773.8504643
1722669773.8698797
1722669773.8836572
1722669773.9001384
1722669773.916593
1722669773.9332497
1722669773.9496548
1722669773.9685457
1722669773.9988766
1722669773.9999409
1722669774.0172682
1722669774.0336623
1722669774.058412
1722669774.081024
1722669774.0868015
1722669774.1082137
1722669774.116447
1722669774.1453223
1722669774.1595013
1722669774.167989
1722669774.183672
1722669774.1987739
1722669774.2156363
1722669774.23815
1722669774.250632
1722669774.2671723
1722669774.2901766
1722669774.3053648
1722669774.316416
1722669774.334735
1722669774.359624
1722669774.3731976
1722669774.384348
1722669774.402366
1722669774.4185755
1722669774.4349492
1722669774.4581425
1722669774.4735537
1722669774.502337
1722669774.5098326
1722669774.5175242
1722669774.5405138
1722669774.555728
1722669774.5666566
1722669774.5835345
1722669774.5998654
1722669774.6180673
1722669774.6329272
1722669774.6495397
1722669774.6676307
1722669774.682536
1722669774.699001
1722669774.7155006
1722669774.7321362
1722669774.748742
1722669774.7651536
1722669774.7816408
1722669774.7993326
1722669774.8162754
1722669774.8326142
1722669774.8463068
1722669774.863127
1722669774.8813365
1722669774.9114134
1722669774.9126418
1722669774.9300601
1722669774.94673
1722669774.9770885
1722669774.9789379
1722669774.9973686
1722669775.0129333
1722669775.040614
1722669775.0618927
1722669775.0659065
1722669775.0838163
1722669775.0954714
1722669775.1180568
1722669775.1330068
1722669775.1456718
1722669775.1615949
1722669775.1782472
1722669775.1961231
1722669775.2240555
1722669775.2269251
1722669775.2449312
1722669775.2624173
1722669775.277284
1722669775.293702
1722669775.31144
1722669775.331439
1722669775.350639
1722669775.359603
1722669775.3780217
1722669775.3929362
1722669775.4086757
1722669775.429789
1722669775.4492002
1722669775.473742
1722669775.4807444
1722669775.492433
1722669775.5149095
1722669775.5305328
1722669775.5425665
1722669775.558516
1722669775.575111
1722669775.5937796
1722669775.6098862
1722669775.6285226
1722669775.6445944
1722669775.6647568
1722669775.6780648
1722669775.694657
1722669775.7123992
1722669775.727789
1722669775.7440438
1722669775.7613168
1722669775.7769997
1722669775.7937624
1722669775.8104925
1722669775.8289661
1722669775.8434207
1722669775.8631108
1722669775.8764145
1722669775.8933065
1722669775.9122891
1722669775.9279795
1722669775.9596014
1722669775.9603696
1722669775.9776876
1722669775.9938824
1722669776.0191035
1722669776.038718
1722669776.0453172
1722669776.0663636
1722669776.0755286
1722669776.106113
1722669776.117839
1722669776.1255126
1722669776.1438732
1722669776.1578197
1722669776.1740048
1722669776.1974366
1722669776.2078078
1722669776.2242737
1722669776.2544994
1722669776.2588468
1722669776.2746465
1722669776.292201
1722669776.3133605
1722669776.3302228
1722669776.3406973
1722669776.3575413
1722669776.3740416
1722669776.3907192
1722669776.4136858
1722669776.4285738
1722669776.446292
1722669776.4620507
1722669776.4738843
1722669776.4969947
1722669776.5179827
1722669776.526973
1722669776.5456471
1722669776.5598457
1722669776.576512
1722669776.5948174
1722669776.6105108
1722669776.62839
1722669776.64503
1722669776.6615186
1722669776.67807
1722669776.698071
1722669776.7140775
1722669776.7297854
1722669776.7477832
1722669776.764192
1722669776.7791004
1722669776.7974854
1722669776.813936
1722669776.8308024
1722669776.8471458
1722669776.8635025
1722669776.880108
1722669776.8964837
1722669776.9129963
1722669776.9449413
1722669776.9451005
1722669776.9620044
1722669776.9816165
1722669777.0052335
1722669777.0194492
1722669777.0305994
1722669777.051302
1722669777.0611014
1722669777.0903745
1722669777.1019938
1722669777.1105182
1722669777.1275423
1722669777.1441138
1722669777.1606686
1722669777.1880035
1722669777.1930952
1722669777.2102468
1722669777.2286513
1722669777.244122
1722669777.264309
1722669777.277048
1722669777.2988238
1722669777.3168721
1722669777.3266668
1722669777.3437173
1722669777.3611434
1722669777.3799996
1722669777.4027104
1722669777.417077
1722669777.432552
1722669777.4476829
1722669777.4597392
1722669777.4833531
1722669777.497666
1722669777.5083668
1722669777.5253174
1722669777.5444434
1722669777.557846
1722669777.574654
1722669777.5929494
1722669777.6076481
1722669777.6238446
1722669777.640964
1722669777.6606455
1722669777.673269
1722669777.6919181
1722669777.7062683
1722669777.7221842
1722669777.740977
1722669777.7582932
1722669777.7741158
1722669777.7911484
1722669777.8082178
1722669777.8231335
1722669777.839935
1722669777.8565953
1722669777.8731253
1722669777.889563
1722669777.9156191
1722669777.9211776
1722669777.938228
1722669777.954276
1722669777.9817228
1722669777.9983618
1722669778.0085878
1722669778.0262477
1722669778.037148
1722669778.0649362
1722669778.0798852
1722669778.0857944
1722669778.103275
1722669778.1199079
1722669778.1375964
1722669778.1655967
1722669778.1722236
1722669778.18705
1722669778.2094142
1722669778.2188792
1722669778.2359338
1722669778.252475
1722669778.27388
1722669778.2920253
1722669778.3021355
1722669778.3187068
1722669778.335494
1722669778.3533504
1722669778.374351
1722669778.3883243
1722669778.407559
1722669778.421614
1722669778.4339507
1722669778.4538841
1722669778.4737396
1722669778.483565
1722669778.5119338
1722669778.517776
1722669778.5380595
1722669778.5531693
1722669778.5683544
1722669778.58559
1722669778.6028528
1722669778.6194034
1722669778.635889
1722669778.6527786
1722669778.6696048
1722669778.6859176
1722669778.704091
1722669778.7205882
1722669778.7390454
1722669778.7558043
1722669778.7721622
1722669778.7907925
1722669778.804637
1722669778.821673
1722669778.8397365
1722669778.8540576
1722669778.870858
1722669778.8950062
1722669778.902673
1722669778.9188735
1722669778.9370449
1722669778.956358
1722669778.9844797
1722669778.9912915
1722669779.0045733
1722669779.0181437
1722669779.0390565
1722669779.0658991
1722669779.067276
1722669779.087059
1722669779.10023
1722669779.117499
1722669779.1457033
1722669779.1497524
1722669779.166758
1722669779.1863353
1722669779.1999137
1722669779.2170553
1722669779.2343872
1722669779.2511268
1722669779.2718742
1722669779.2825792
1722669779.2988966
1722669779.3153696
1722669779.3318136
1722669779.3507946
1722669779.366224
1722669779.388013
1722669779.4022672
1722669779.4144838
1722669779.4326909
1722669779.4520202
1722669779.4638972
1722669779.4801347
1722669779.4965572
1722669779.513176
1722669779.5337858
1722669779.5458257
1722669779.562866
1722669779.579301
1722669779.5964723
1722669779.6122699
1722669779.6287742
1722669779.6455152
1722669779.661927
1722669779.6783159
1722669779.6949148
1722669779.7114563
1722669779.7274132
1722669779.7435687
1722669779.760066
1722669779.7763572
1722669779.7925215
1722669779.8100111
1722669779.8281243
1722669779.8433082
1722669779.8729775
1722669779.87464
1722669779.8921509
1722669779.9081976
1722669779.9360373
1722669779.9637392
1722669779.9659457
1722669779.9794917
1722669779.9909751
1722669780.0205317
1722669780.030704
1722669780.040554
1722669780.057038
1722669780.0744648
1722669780.090093
1722669780.1172605
1722669780.1231167
1722669780.1394844
1722669780.1599169
1722669780.1721401
1722669780.1891756
1722669780.206402
1722669780.227706
1722669780.245234
1722669780.2580202
1722669780.27515
1722669780.2896948
1722669780.3076072
1722669780.3263357
1722669780.3461528
1722669780.3644912
1722669780.3766708
1722669780.3905373
1722669780.4129863
1722669780.4282603
1722669780.4387355
1722669780.4558136
1722669780.4758873
1722669780.4908721
1722669780.5080938
1722669780.5256476
1722669780.542232
1722669780.5587823
1722669780.5752883
1722669780.5921276
1722669780.6103067
1722669780.6251767
1722669780.6437707
1722669780.6619372
1722669780.6805995
1722669780.6926663
1722669780.709171
1722669780.7269826
1722669780.7441268
1722669780.7605867
1722669780.775081
1722669780.7915065
1722669780.810007
1722669780.8263962
1722669780.857939
1722669780.8581195
1722669780.874927
1722669780.8913364
1722669780.923361
1722669780.9324396
1722669780.946977
1722669780.963401
1722669780.9741704
1722669781.0018864
1722669781.0154166
1722669781.0230958
1722669781.040239
1722669781.0569077
1722669781.0758035
1722669781.1063006
1722669781.114761
1722669781.1227345
1722669781.1475635
1722669781.1558592
1722669781.1725304
1722669781.190756
1722669781.2381892
1722669781.2424083
1722669781.2424822
1722669781.2549238
1722669781.273685
1722669781.2878985
1722669781.3423464
1722669781.34239
1722669781.3455348
1722669781.365689
1722669781.3705337
1722669781.3956673
1722669781.4081945
1722669781.4203744
1722669781.436659
1722669781.453605
1722669781.4710464
1722669781.4875336
1722669781.5045447
1722669781.5222821
1722669781.5371394
1722669781.5538275
1722669781.570295
1722669781.5871656
1722669781.6032734
1722669781.6197388
1722669781.638642
1722669781.6580436
1722669781.6727393
1722669781.6885033
1722669781.7058127
1722669781.7212098
1722669781.738543
1722669781.7547038
1722669781.7743783
1722669781.788566
1722669781.8048046
1722669781.8388543
1722669781.8390138
1722669781.8539395
1722669781.8701816
1722669781.8910885
1722669781.9114177
1722669781.9233754
1722669781.9397728
1722669781.9539194
1722669781.9792655
1722669782.000426
1722669782.003512
1722669782.0204515
1722669782.0367112
1722669782.0532866
1722669782.081825
1722669782.0870726
1722669782.1031437
1722669782.1254926
1722669782.1362464
1722669782.1544082
1722669782.1735845
1722669782.1893258
1722669782.2052248
1722669782.2191613
1722669782.2379262
1722669782.2543883
1722669782.2726238
1722669782.2924666
1722669782.310721
1722669782.3272085
1722669782.3406484
1722669782.3533173
1722669782.3735876
1722669782.3937867
1722669782.4032817
1722669782.4200735
1722669782.436415
1722669782.452662
1722669782.4704144
1722669782.4879286
1722669782.502208
1722669782.51948
1722669782.5371206
1722669782.5525084
1722669782.568396
1722669782.5864086
1722669782.6013064
1722669782.6190658
1722669782.6346686
1722669782.6509042
1722669782.6677911
1722669782.686365
1722669782.7020547
1722669782.7177715
1722669782.7348979
1722669782.7502232
1722669782.7668061
1722669782.7839031
1722669782.8155665
1722669782.8326488
1722669782.848888
1722669782.912861
1722669782.9129941
1722669782.9132218
1722669782.9133325
1722669782.9210925
1722669782.9316626
1722669782.9606454
1722669782.9701648
1722669782.9804192
1722669782.9973223
1722669783.014742
1722669783.030619
1722669783.0631728
1722669783.0688157
1722669783.0822744
1722669783.101747
1722669783.1132321
1722669783.1318789
1722669783.1463141
1722669783.1979647
1722669783.19799
1722669783.1987405
1722669783.2145336
1722669783.2336354
1722669783.2523017
1722669783.3225827
1722669783.3228884
1722669783.3236923
1722669783.3245604
1722669783.333688
1722669783.3558257
1722669783.371153
1722669783.3828835
1722669783.4014914
1722669783.4201624
1722669783.4363902
1722669783.4521494
1722669783.470735
1722669783.4856074
1722669783.502699
1722669783.520712
1722669783.5369043
1722669783.551971
1722669783.5699809
1722669783.584952
1722669783.6027682
1722669783.6203895
1722669783.6370573
1722669783.651684
1722669783.6678343
1722669783.6844578
1722669783.7006137
1722669783.7191179
1722669783.7337177
1722669783.7499604
1722669783.768767
1722669783.8003135
1722669783.8004768
1722669783.8159304
1722669783.8326678
1722669783.8560705
1722669783.8715153
1722669783.8844752
1722669783.9003842
1722669783.9146545
1722669783.9420264
1722669783.952533
1722669783.9645157
1722669783.9827063
1722669783.9982345
1722669784.0159059
1722669784.0392919
1722669784.0477428
1722669784.0638995
1722669784.0861788
1722669784.099341
1722669784.114193
1722669784.1303804
1722669784.151885
1722669784.1689575
1722669784.1795547
1722669784.196222
1722669784.2125258
1722669784.2307746
1722669784.2543588
1722669784.269419
1722669784.286958
1722669784.30623
1722669784.3120499
1722669784.3350363
1722669784.3525844
1722669784.3631043
1722669784.37955
1722669784.396521
1722669784.4127827
1722669784.4293897
1722669784.4460335
1722669784.4638128
1722669784.4826882
1722669784.4993565
1722669784.5159245
1722669784.5323696
1722669784.548365
1722669784.565107
1722669784.5815916
1722669784.5980887
1722669784.6171827
1722669784.63316
1722669784.649633
1722669784.6659107
1722669784.6821587
1722669784.6988132
1722669784.7156317
1722669784.7325056
1722669784.748844
1722669784.7824268
1722669784.7825859
1722669784.7988317
1722669784.8156261
1722669784.8437
1722669784.8669918
1722669784.8700917
1722669784.8891733
1722669784.8996377
1722669784.9319432
1722669784.9398732
1722669784.9492111
1722669784.9684622
1722669784.9835029
1722669784.9988885
1722669785.0265155
1722669785.034578
1722669785.0484307
1722669785.0744107
1722669785.0827043
1722669785.09754
1722669785.1173878
1722669785.1368692
1722669785.1533916
1722669785.1661558
1722669785.1828282
1722669785.198572
1722669785.2152555
1722669785.2357721
1722669785.254024
1722669785.2715185
1722669785.284854
1722669785.2978523
1722669785.3220017
1722669785.337741
1722669785.3471742
1722669785.3643906
1722669785.3808646
1722669785.3964624
1722669785.412844
1722669785.4291868
1722669785.445945
1722669785.464492
1722669785.479385
1722669785.4957726
1722669785.5120146
1722669785.5289974
1722669785.5477982
1722669785.5620813
1722669785.5788937
1722669785.5969152
1722669785.6135592
1722669785.6328745
1722669785.644638
1722669785.6610765
1722669785.6813395
1722669785.7009711
1722669785.7110126
1722669785.7386534
1722669785.7495403
1722669785.759901
1722669785.778655
1722669785.793484
1722669785.8130481
1722669785.8423111
1722669785.847728
1722669785.860829
1722669785.875635
1722669785.9044251
1722669785.9168942
1722669785.923651
1722669785.9410326
1722669785.9612925
1722669785.9751394
1722669786.0092661
1722669786.0251575
1722669786.058217
1722669786.075159
1722669786.0881562
1722669786.0881946
1722669786.0923839
1722669786.1135674
1722669786.1270208
1722669786.1411831
1722669786.1596944
1722669786.1765778
1722669786.196422
1722669786.2178907
1722669786.2299302
1722669786.254489
1722669786.264289
1722669786.2761893
1722669786.2940488
1722669786.316667
1722669786.325212
1722669786.3416972
1722669786.3589523
1722669786.375032
1722669786.3913236
1722669786.408367
1722669786.424371
1722669786.4425852
1722669786.4584944
1722669786.473954
1722669786.4922671
1722669786.5072036
1722669786.5252695
1722669786.5402455
1722669786.556343
1722669786.5727785
1722669786.589963
1722669786.6062536
1722669786.6249044
1722669786.6394265
1722669786.655821
1722669786.6722748
1722669786.6895041
1722669786.707437
1722669786.7389274
1722669786.7553282
1722669786.7713006
1722669786.8140492
1722669786.8141792
1722669786.8165658
1722669786.8235
1722669786.8425972
1722669786.8560915
1722669786.881845
1722669786.892421
1722669786.9037821
1722669786.920306
1722669786.9391813
1722669786.953879
1722669786.9812646
1722669786.9869924
1722669787.002756
1722669787.0206652
1722669787.0405543
1722669787.0526922
1722669787.0689514
1722669787.0901947
1722669787.1072226
1722669787.1179836
1722669787.134651
1722669787.1512134
1722669787.1716692
1722669787.1912446
1722669787.2056541
1722669787.2249856
1722669787.2453415
1722669787.2496088
1722669787.2729592
1722669787.2943137
1722669787.3010433
1722669787.3199334
1722669787.3347406
1722669787.351546
1722669787.3676534
1722669787.386098
1722669787.4005678
1722669787.417657
1722669787.433848
1722669787.4505215
1722669787.466709
1722669787.4852076
1722669787.500129
1722669787.5160503
1722669787.5331852
1722669787.5494602
1722669787.5672414
1722669787.582447
1722669787.5990598
1722669787.6161005
1722669787.6356869
1722669787.6492016
1722669787.6660259
1722669787.6825442
1722669787.7159414
1722669787.7160974
1722669787.732083
1722669787.7490385
1722669787.7765765
1722669787.7954803
1722669787.8019965
1722669787.8216157
1722669787.8317647
1722669787.8543963
1722669787.869864
1722669787.881615
1722669787.8976102
1722669787.914005
1722669787.9329693
1722669787.9603808
1722669787.9634988
1722669787.9797285
1722669788.013055
1722669788.0293338
1722669788.035075
1722669788.0458417
1722669788.0688698
1722669788.0851126
1722669788.0951965
1722669788.1133397
1722669788.129715
1722669788.1466768
1722669788.1809692
1722669788.1847875
1722669788.2058356
1722669788.2170157
1722669788.2279236
1722669788.2508166
1722669788.2683225
1722669788.2779527
1722669788.2949057
1722669788.311311
1722669788.3299952
1722669788.3444328
1722669788.3629596
1722669788.3792608
1722669788.3943074
1722669788.4103575
1722669788.4273856
1722669788.444495
1722669788.462271
1722669788.4767325
1722669788.4949367
1722669788.5099928
1722669788.5263736
1722669788.5426576
1722669788.5593224
1722669788.5759335
1722669788.5927482
1722669788.6095483
1722669788.6276162
1722669788.641904
1722669788.6589954
1722669788.692402
1722669788.693264
1722669788.7088978
1722669788.7270687
1722669788.784623
1722669788.784849
1722669788.7849245
1722669788.795013
1722669788.8101566
1722669788.837545
1722669788.8485298
1722669788.8599212
1722669788.8763685
1722669788.8921306
1722669788.908491
1722669788.940811
1722669788.9577122
1722669788.9578865
1722669788.9793096
1722669788.9909997
1722669789.0081787
1722669789.0235817
1722669789.0477774
1722669789.0599084
1722669789.074362
1722669789.0892372
1722669789.1121662
1722669789.1236436
1722669789.1443934
1722669789.1591017
1722669789.1781769
1722669789.2004325
1722669789.2039442
1722669789.2281013
1722669789.241883
1722669789.2548668
1722669789.2717645
1722669789.2877116
1722669789.306411
1722669789.3213649
1722669789.3394334
1722669789.3545635
1722669789.3710577
1722669789.3875268
1722669789.4066982
1722669789.4211726
1722669789.4389095
1722669789.453771
1722669789.4705808
1722669789.487008
1722669789.5034392
1722669789.520158
1722669789.5365212
1722669789.5532377
1722669789.570258
1722669789.5877779
1722669789.6022177
1722669789.6189525
1722669789.6360397
1722669789.6651285
1722669789.6674926
1722669789.6890812
1722669789.7009382
1722669789.7270439
1722669789.7403474
1722669789.752502
1722669789.7714655
1722669789.7842865
1722669789.8071744
1722669789.820922
1722669789.8333423
1722669789.8525279
1722669789.8658087
1722669789.8830152
1722669789.904997
1722669789.9192653
1722669789.9341662
1722669789.9550323
1722669789.9656856
1722669789.9813647
1722669789.9976714
1722669790.021437
1722669790.036214
1722669790.047207
1722669790.0644507
1722669790.0810225
1722669790.09805
1722669790.1207747
1722669790.1360688
1722669790.155835
1722669790.167305
1722669790.1804361
1722669790.2015572
1722669790.2196963
1722669790.2290406
1722669790.248615
1722669790.26442
1722669790.2794394
1722669790.295046
1722669790.3114924
1722669790.3280513
1722669790.3462832
1722669790.361522
1722669790.3798494
1722669790.3946698
1722669790.4111025
1722669790.427847
1722669790.4440734
1722669790.4604409
1722669790.4768348
1722669790.493161
1722669790.5100293
1722669790.5262823
1722669790.5424175
1722669790.5588121
1722669790.5756993
1722669790.593017
1722669790.6096349
1722669790.6400347
1722669790.6415412
1722669790.658703
1722669790.6754572
1722669790.6965284
1722669790.725395
1722669790.7288961
1722669790.7429836
1722669790.7602024
1722669790.7917922
1722669790.7997246
1722669790.8066204
1722669790.8235703
1722669790.8416142
1722669790.858461
1722669790.879681
1722669790.8912146
1722669790.9085102
1722669790.92761
1722669790.9422824
1722669790.959048
1722669790.9755182
1722669790.9997518
1722669791.0136523
1722669791.02402
1722669791.041986
1722669791.057789
1722669791.074209
1722669791.1566653
1722669791.2073584
1722669791.207401
1722669791.2076273
1722669791.207807
1722669791.2079432
1722669791.2079864
1722669791.208077
1722669791.2244906
1722669791.2391782
1722669791.2565007
1722669791.271795
1722669791.28964
1722669791.3055882
1722669791.3222375
1722669791.3388753
1722669791.355332
1722669791.3719654
1722669791.3908956
1722669791.4099913
1722669791.425303
1722669791.4427643
1722669791.4604464
1722669791.4765222
1722669791.4936082
1722669791.5098963
1722669791.5283184
1722669791.5485415
1722669791.5636957
1722669791.579822
1722669791.5967472
1722669791.6303284
1722669791.6475177
1722669791.6640134
1722669791.6756704
1722669791.697057
1722669791.7060835
1722669791.719113
1722669791.7323465
1722669791.7461977
1722669791.768432
1722669791.7868116
1722669791.7960024
1722669791.8124187
1722669791.8292668
1722669791.8454974
1722669791.8737884
1722669791.8779056
1722669791.8949373
1722669791.9180715
1722669791.9278104
1722669791.9441893
1722669791.960497
1722669792.0104964
1722669792.0273738
1722669792.0273855
1722669792.0276215
1722669792.0457728
1722669792.0603292
1722669792.081685
1722669792.096238
1722669792.123745
1722669792.1297467
1722669792.142672
1722669792.1629782
1722669792.1797683
1722669792.1934338
1722669792.2089741
1722669792.225802
1722669792.2421312
1722669792.2590418
1722669792.2764096
1722669792.298701
1722669792.3111873
1722669792.3296783
1722669792.3462734
1722669792.362852
1722669792.3823836
1722669792.3960285
1722669792.4130998
1722669792.43087
1722669792.4458942
1722669792.4625032
1722669792.4825015
1722669792.4966147
1722669792.5120425
1722669792.527841
1722669792.5449026
1722669792.5615413
1722669792.5817547
1722669792.6033213
1722669792.6109471
1722669792.6277523
1722669792.644576
1722669792.674189
1722669792.6909447
1722669792.6994112
1722669792.7162812
1722669792.7275095
1722669792.7501154
1722669792.7641108
1722669792.7770019
1722669792.79477
1722669792.809962
1722669792.8274114
1722669792.8542466
1722669792.8587856
1722669792.8784432
1722669792.8986626
1722669792.9095442
1722669792.9283361
1722669792.9447832
1722669792.9648855
1722669792.983309
1722669792.9945507
1722669793.0135303
1722669793.0304632
1722669793.0436707
1722669793.0687351
1722669793.0821197
1722669793.1109061
1722669793.1174512
1722669793.1268904
1722669793.1511528
1722669793.1678338
1722669793.1779675
1722669793.1977794
1722669793.2120757
1722669793.2290535
1722669793.2450917
1722669793.2629406
1722669793.2781978
1722669793.2967448
1722669793.3204708
1722669793.3313453
1722669793.3486018
1722669793.368188
1722669793.3796086
1722669793.3962576
1722669793.414005
1722669793.4293103
1722669793.4458816
1722669793.4620917
1722669793.4782608
1722669793.4948723
1722669793.5112448
1722669793.5296397
1722669793.5484686
1722669793.5618825
1722669793.5949633
1722669793.5961268
1722669793.6126742
1722669793.6315541
1722669793.6543279
1722669793.6699889
1722669793.6834035
1722669793.702843
1722669793.7122536
1722669793.7330675
1722669793.7496178
1722669793.761984
1722669793.7797823
1722669793.7957997
1722669793.8116405
1722669793.8399625
1722669793.8445046
1722669793.8604538
1722669793.8832316
1722669793.8938146
1722669793.9101758
1722669793.9266837
1722669793.9468148
1722669793.9626992
1722669793.976029
1722669793.9917498
1722669794.0084667
1722669794.0265026
1722669794.0488787
1722669794.0633218
1722669794.0888445
1722669794.096312
1722669794.1074533
1722669794.13155
1722669794.1441262
1722669794.1581328
1722669794.1752412
1722669794.190622
1722669794.2066557
1722669794.225661
1722669794.2402167
1722669794.2568204
1722669794.2731018
1722669794.2921476
1722669794.3060498
1722669794.3226383
1722669794.339396
1722669794.3561594
1722669794.3726249
1722669794.3897533
1722669794.4069214
1722669794.4213128
1722669794.4387903
1722669794.454916
1722669794.4728968
1722669794.4874437
1722669794.5042214
1722669794.5207677
1722669794.5387845
1722669794.5705361
1722669794.5877366
1722669794.5879192
1722669794.604912
1722669794.6346164
1722669794.6443639
1722669794.6582315
1722669794.6776087
1722669794.6873515
1722669794.7173784
1722669794.7257974
1722669794.7372108
1722669794.7536392
1722669794.770123
1722669794.7867076
1722669794.8189335
1722669794.8243668
1722669794.8358147
1722669794.855952
1722669794.8685427
1722669794.8877985
1722669794.9016516
1722669794.9525099
1722669794.9552014
1722669794.9552453
1722669794.968875
1722669794.987189
1722669795.0012934
1722669795.0844069
1722669795.0995283
1722669795.0995796
1722669795.099811
1722669795.0999475
1722669795.1082923
1722669795.1246715
1722669795.1360536
1722669795.1512578
1722669795.167835
1722669795.184012
1722669795.20077
1722669795.2168283
1722669795.2360137
1722669795.2519033
1722669795.2695825
1722669795.2845821
1722669795.3013508
1722669795.317466
1722669795.3352716
1722669795.3503287
1722669795.3671277
1722669795.382308
1722669795.3988173
1722669795.414949
1722669795.431372
1722669795.4475796
1722669795.4642775
1722669795.4802227
1722669795.499161
1722669795.5131805
1722669795.5377095
1722669795.5478885
1722669795.5638885
1722669795.5802908
1722669795.6076627
1722669795.6207132
1722669795.633703
1722669795.6491864
1722669795.6635206
1722669795.6915774
1722669795.7010324
1722669795.7127109
1722669795.729793
1722669795.7469354
1722669795.762966
1722669795.7897606
1722669795.7951255
1722669795.8122103
1722669795.83458
1722669795.8452094
1722669795.8616862
1722669795.8789744
1722669795.8996043
1722669795.9139612
1722669795.9279635
1722669795.9442916
1722669795.962659
1722669795.9792056
1722669796.0045018
1722669796.0154855
1722669796.0358567
1722669796.0506275
1722669796.0627267
1722669796.0830026
1722669796.103193
1722669796.1132305
1722669796.1292357
1722669796.1476524
1722669796.1621673
1722669796.1806862
1722669796.195441
1722669796.2138476
1722669796.2301552
1722669796.2511625
1722669796.263717
1722669796.2799037
1722669796.2982793
1722669796.3130155
1722669796.330943
1722669796.345983
1722669796.3626373
1722669796.3785815
1722669796.395066
1722669796.4141638
1722669796.4288764
1722669796.445146
1722669796.4621973
1722669796.4780235
1722669796.4963684
1722669796.529193
1722669796.5293581
1722669796.5462718
1722669796.5624683
1722669796.588888
1722669796.6114137
1722669796.616621
1722669796.6317148
1722669796.6450634
1722669796.6667047
1722669796.6905982
1722669796.6944003
1722669796.7116473
1722669796.7277508
1722669796.744769
1722669796.7769516
1722669796.7943604
1722669796.7945378
1722669796.8181095
1722669796.8292758
1722669796.843766
1722669796.8625276
1722669796.9097755
1722669796.9116213
1722669796.9116728
