2024-08-03 15:14:03
../stream-replay/logs/stuttering-6205.txt
1722669201.0362115
1722669201.0464952
1722669201.0488346
1722669201.0519278
1722669201.0554411
1722669201.058703
1722669201.0618021
1722669201.0790796
1722669201.099509
1722669201.108411
1722669201.1289454
1722669201.144868
1722669201.1623082
1722669201.173354
1722669201.1946282
1722669201.206546
1722669201.222787
1722669201.2399728
1722669201.2571557
1722669201.2744248
1722669201.2914062
1722669201.3084135
1722669201.3266213
1722669201.3426764
1722669201.3628073
1722669201.384176
1722669201.3935888
1722669201.4167287
1722669201.427632
1722669201.4442544
1722669201.460653
1722669201.477458
1722669201.5035694
1722669201.5126495
1722669201.537616
1722669201.5489311
1722669201.5633206
1722669201.5800502
1722669201.5987265
1722669201.6212394
1722669201.631437
1722669201.649213
1722669201.665078
1722669201.6817756
1722669201.6984823
1722669201.715981
1722669201.7324312
1722669201.7492926
1722669201.766401
1722669201.7848377
1722669201.800217
1722669201.8183782
1722669201.8340693
1722669201.851921
1722669201.8683603
1722669201.886024
1722669201.9024146
1722669201.9185941
1722669201.9410796
1722669201.9584558
1722669201.972469
1722669201.9949207
1722669202.0041192
1722669202.027599
1722669202.0389216
1722669202.0600803
1722669202.071587
1722669202.0893006
1722669202.104644
1722669202.1296463
1722669202.1390288
1722669202.1576655
1722669202.1785436
1722669202.193615
1722669202.2120862
1722669202.2290723
1722669202.2458868
1722669202.2571344
1722669202.2811568
1722669202.2908735
1722669202.3141894
1722669202.3262873
1722669202.3480365
1722669202.3591692
1722669202.3826969
1722669202.3969848
1722669202.40863
1722669202.4330497
1722669202.444717
1722669202.4678905
1722669202.4790053
1722669202.4996176
1722669202.5099018
1722669202.53349
1722669202.5507722
1722669202.5610096
1722669202.578209
1722669202.5952578
1722669202.6118796
1722669202.6297498
1722669202.6548512
1722669202.6628494
1722669202.6794174
1722669202.6958725
1722669202.713341
1722669202.7381856
1722669202.7473226
1722669202.7720459
1722669202.7812474
1722669202.8009558
1722669202.8199925
1722669202.8317041
1722669202.8497264
1722669202.8721573
1722669202.8872297
1722669202.898292
1722669202.9241824
1722669202.9350889
1722669202.9515507
1722669202.9717867
1722669202.983073
1722669202.9999886
1722669203.0185485
1722669203.0417712
1722669203.0512037
1722669203.0778117
1722669203.0896158
1722669203.101489
1722669203.127464
1722669203.135093
1722669203.1590288
1722669203.1684628
1722669203.1938207
1722669203.2027574
1722669203.2259374
1722669203.2365742
1722669203.256815
1722669203.2784183
1722669203.2928817
1722669203.3036733
1722669203.3202207
1722669203.3386276
1722669203.361626
1722669203.371758
1722669203.3956683
1722669203.4064248
1722669203.4272068
1722669203.4451923
1722669203.4555976
1722669203.4778368
1722669203.490331
1722669203.5117726
1722669203.5227892
1722669203.5451035
1722669203.5559263
1722669203.5827904
1722669203.589848
1722669203.6115203
1722669203.6248279
1722669203.6404634
1722669203.654797
1722669203.673343
1722669203.6961384
1722669203.7086535
1722669203.7336755
1722669203.7439656
1722669203.7577038
1722669203.7740443
1722669203.7994764
1722669203.8113542
1722669203.827385
1722669203.8403664
1722669203.8600202
1722669203.8748229
1722669203.891546
1722669203.9163573
1722669203.9255776
1722669203.9422383
1722669203.9656155
1722669203.979899
1722669203.9942572
1722669204.009069
1722669204.0267766
1722669204.051063
1722669204.0642521
1722669204.0842009
1722669204.0986469
1722669204.115772
1722669204.1273289
1722669204.1501672
1722669204.16203
1722669204.1845543
1722669204.1958933
1722669204.2199218
1722669204.2287447
1722669204.255245
1722669204.2663016
1722669204.27975
1722669204.2966416
1722669204.3206444
1722669204.3310542
1722669204.3558946
1722669204.3698735
1722669204.381559
1722669204.4049861
1722669204.4168897
1722669204.4327252
1722669204.4500165
1722669204.4737158
1722669204.4844668
1722669204.5100942
1722669204.5195625
1722669204.534129
1722669204.5588613
1722669204.5737262
1722669204.5850418
1722669204.6081302
1722669204.619077
1722669204.6430788
1722669204.6523075
1722669204.6771545
1722669204.6898696
1722669204.7060049
1722669204.724034
1722669204.7390747
1722669204.7618222
1722669204.7760966
1722669204.7925773
1722669204.8048313
1722669204.830358
1722669204.8393514
1722669204.855946
1722669204.8723176
1722669204.8886445
1722669204.9130845
1722669204.9285297
1722669204.9423661
1722669204.9579353
1722669204.980482
1722669204.9904218
1722669205.0162272
1722669205.026162
1722669205.0411572
1722669205.0645616
1722669205.0752196
1722669205.1010559
1722669205.1123161
1722669205.129919
1722669205.147057
1722669205.1630452
1722669205.1787126
1722669205.19151
1722669205.208195
1722669205.2294955
1722669205.2499216
1722669205.2592223
1722669205.283754
1722669205.2923946
1722669205.3178968
1722669205.3299122
1722669205.3434515
1722669205.3671818
1722669205.3784847
1722669205.40104
1722669205.41364
1722669205.4382744
1722669205.4528306
1722669205.46769
1722669205.4783235
1722669205.5023239
1722669205.5163033
1722669205.5298963
1722669205.5516136
1722669205.5622523
1722669205.5786312
1722669205.595485
1722669205.613237
1722669205.6290452
1722669205.6525476
1722669205.6629586
1722669205.6867383
1722669205.6983302
1722669205.7199073
1722669205.7346964
1722669205.752931
1722669205.7652903
1722669205.7810578
1722669205.8049672
1722669205.8169136
1722669205.8392484
1722669205.8532376
1722669205.8655846
1722669205.8897827
1722669205.8999946
1722669205.9248378
1722669205.9342504
1722669205.9579968
1722669205.9746804
1722669205.9902165
1722669206.0064433
1722669206.0247362
1722669206.0346034
1722669206.0520306
1722669206.0747333
1722669206.0855858
1722669206.1085954
1722669206.121045
1722669206.1422122
1722669206.1583931
1722669206.1752105
1722669206.1866488
1722669206.2029428
1722669206.218734
1722669206.23456
1722669206.2511868
1722669206.2672877
1722669206.2863753
1722669206.301742
1722669206.3188992
1722669206.333812
1722669206.3505404
1722669206.3692443
1722669206.3833356
1722669206.4015024
1722669206.4166858
1722669206.4337022
1722669206.454335
1722669206.477016
1722669206.4851334
1722669206.499088
1722669206.517178
1722669206.5349865
1722669206.5511973
1722669206.5677233
1722669206.5935638
1722669206.6040728
1722669206.6266453
1722669206.6360588
1722669206.660388
1722669206.6735077
1722669206.6864245
1722669206.7047172
1722669206.7281885
1722669206.7420127
1722669206.7585506
1722669206.7757893
1722669206.7917652
1722669206.806924
1722669206.8288264
1722669206.8401155
1722669206.8599682
1722669206.8741634
1722669206.8891795
1722669206.9046755
1722669206.928777
1722669206.943171
1722669206.9613624
1722669206.9780548
1722669206.9902449
1722669207.0140593
1722669207.0241117
1722669207.0399194
1722669207.0616243
1722669207.0755262
1722669207.0918846
1722669207.1128438
1722669207.126384
1722669207.14912
1722669207.15935
1722669207.179717
1722669207.1951315
1722669207.2072265
1722669207.2240872
1722669207.2402554
1722669207.256681
1722669207.282123
1722669207.2917473
1722669207.3136637
1722669207.3241103
1722669207.3483598
1722669207.3605697
1722669207.378941
1722669207.3909419
1722669207.4057574
1722669207.4311066
1722669207.4389262
1722669207.4624715
1722669207.4728231
1722669207.4899118
1722669207.5128813
1722669207.5297756
1722669207.5469959
1722669207.5555491
1722669207.570383
1722669207.5941849
1722669207.6071143
1722669207.6264985
1722669207.640779
1722669207.653121
1722669207.67028
1722669207.6874797
1722669207.7118084
1722669207.7238123
1722669207.7360828
1722669207.7589915
1722669207.7708373
1722669207.7917206
1722669207.8059824
1722669207.8192582
1722669207.8421183
1722669207.856816
1722669207.8695974
1722669207.886189
1722669207.9096074
1722669207.9201124
1722669207.9363537
1722669207.960209
1722669207.9711545
1722669207.9944258
1722669208.0061865
1722669208.0268686
1722669208.0382175
1722669208.053917
1722669208.0782542
1722669208.0929716
1722669208.1047196
1722669208.120794
1722669208.1371803
1722669208.1616273
1722669208.1707737
1722669208.1947434
1722669208.2042649
1722669208.2286453
1722669208.2383447
1722669208.2534804
1722669208.2715154
1722669208.294341
1722669208.30547
1722669208.3230093
1722669208.336658
1722669208.3529725
1722669208.3760357
1722669208.3885212
1722669208.4093065
1722669208.421102
1722669208.4363763
1722669208.462153
1722669208.4742122
1722669208.4927742
1722669208.5019305
1722669208.5291994
1722669208.538199
1722669208.5513813
1722669208.5682967
1722669208.5848908
1722669208.6090105
1722669208.6195261
1722669208.6424553
1722669208.651321
1722669208.6752026
1722669208.6887472
1722669208.7048213
1722669208.7202132
1722669208.7354019
1722669208.7589223
1722669208.7728195
1722669208.7849824
1722669208.8022075
1722669208.8242617
1722669208.835245
1722669208.8604095
1722669208.8731606
1722669208.8855531
1722669208.9099352
1722669208.9247673
1722669208.9338841
1722669208.9587348
1722669208.9709682
1722669208.9841835
1722669209.0082428
1722669209.0187447
1722669209.0432703
1722669209.052813
1722669209.0736651
1722669209.087584
1722669209.1009095
1722669209.1242645
1722669209.1333022
1722669209.1576405
1722669209.176898
1722669209.1859214
1722669209.200848
1722669209.2249897
1722669209.2387893
1722669209.255396
1722669209.270379
1722669209.2953393
1722669209.3057392
1722669209.3222172
1722669209.3365784
1722669209.3563352
1722669209.3671231
1722669209.3906093
1722669209.4046206
1722669209.4185212
1722669209.4336822
1722669209.449931
1722669209.475156
1722669209.4847383
1722669209.5050414
1722669209.5171885
1722669209.5424385
1722669209.5553946
1722669209.5669541
1722669209.5874429
1722669209.6056135
1722669209.6153662
1722669209.6382763
1722669209.6490276
1722669209.6661224
1722669209.6878116
1722669209.7009954
1722669209.7196507
1722669209.7312646
1722669209.7514155
1722669209.7650933
1722669209.7883677
1722669209.7978828
1722669209.8218763
1722669209.8320465
1722669209.8472261
1722669209.8700652
1722669209.8803003
1722669209.9021885
1722669209.9183612
1722669209.9344752
1722669209.9526002
1722669209.9624703
1722669209.9859989
1722669209.996456
1722669210.020986
1722669210.0312846
1722669210.051379
1722669210.0618048
1722669210.0868416
1722669210.0985994
1722669210.112487
1722669210.1288483
1722669210.1566217
1722669210.1669006
1722669210.1783972
1722669210.2017121
1722669210.2149327
1722669210.2346854
1722669210.2439673
1722669210.2675486
1722669210.2772114
1722669210.2928214
1722669210.3167298
1722669210.327297
1722669210.3426356
1722669210.3675995
1722669210.3790026
1722669210.3961127
1722669210.4082465
1722669210.4275885
1722669210.4490676
1722669210.4607923
1722669210.485966
1722669210.4983954
1722669210.5130532
1722669210.5313308
1722669210.543961
1722669210.562593
1722669210.5784702
1722669210.593267
1722669210.6173053
1722669210.631873
1722669210.648622
1722669210.6597917
1722669210.682253
1722669210.6952076
1722669210.7085714
1722669210.7262757
1722669210.7467885
1722669210.7585464
1722669210.7835412
1722669210.7963886
1722669210.808716
1722669210.8275814
1722669210.8413367
1722669210.8583899
1722669210.882652
1722669210.8923798
1722669210.9090621
1722669210.931893
1722669210.9432344
1722669210.968248
1722669210.9792712
1722669210.9917393
1722669211.0084157
1722669211.0252905
1722669211.0476437
1722669211.0587647
1722669211.075313
1722669211.0929337
1722669211.1154299
1722669211.1264572
1722669211.1462731
1722669211.1569076
1722669211.1836743
1722669211.1953652
1722669211.2074451
1722669211.2320516
1722669211.2405105
1722669211.2577968
1722669211.2748656
1722669211.2889702
1722669211.3060148
1722669211.3283103
1722669211.3423932
1722669211.3633304
1722669211.3719041
1722669211.395839
1722669211.405277
1722669211.4298916
1722669211.4433155
1722669211.4554799
1722669211.47309
1722669211.4941287
1722669211.5049553
1722669211.5276873
1722669211.5372627
1722669211.56162
1722669211.5723894
1722669211.5874023
1722669211.6181705
1722669211.621188
1722669211.6371777
1722669211.656173
1722669211.6698155
1722669211.6870267
1722669211.7029965
1722669211.7200055
1722669211.7364638
1722669211.7528543
1722669211.7704523
1722669211.7865455
1722669211.8029935
1722669211.8216012
1722669211.8361409
1722669211.8528755
1722669211.8695579
1722669211.8848011
1722669211.9010158
1722669211.9201078
1722669211.9348276
1722669211.9518456
1722669211.9749482
1722669211.986264
1722669212.0021024
1722669212.0183384
1722669212.034811
1722669212.0513098
1722669212.068987
1722669212.0844693
1722669212.10169
1722669212.1179473
1722669212.1357973
1722669212.151278
1722669212.1691582
1722669212.1850016
1722669212.2012115
1722669212.2167418
1722669212.2333927
1722669212.2500482
1722669212.267135
1722669212.2838702
1722669212.3022704
1722669212.3171518
1722669212.3335989
1722669212.3503938
1722669212.3666124
1722669212.3830142
1722669212.4011204
1722669212.4161084
1722669212.4323096
1722669212.4501667
1722669212.4732168
1722669212.4850426
1722669212.4996033
1722669212.5210173
1722669212.5318453
1722669212.554755
1722669212.5675476
1722669212.589152
1722669212.5988572
1722669212.621851
1722669212.6326952
1722669212.6489487
1722669212.6640506
1722669212.6873665
1722669212.6977444
1722669212.721226
1722669212.7316253
1722669212.7577753
1722669212.7643554
1722669212.7899835
1722669212.7999055
1722669212.817904
1722669212.831894
1722669212.8496253
1722669212.8642688
1722669212.880098
1722669212.9035916
1722669212.9186928
1722669212.9467316
1722669212.9521801
1722669212.9664693
1722669212.9815142
1722669212.9963107
1722669213.0209749
1722669213.0336068
1722669213.0476298
1722669213.0625985
1722669213.0878737
1722669213.1034694
1722669213.1153705
1722669213.128353
1722669213.1463559
1722669213.161042
1722669213.184881
1722669213.1960194
1722669213.2223935
1722669213.2351916
1722669213.2473135
1722669213.2659
1722669213.2830207
1722669213.296461
1722669213.3154323
1722669213.3290863
1722669213.3432105
1722669213.3663428
1722669213.3773227
1722669213.393036
1722669213.4189682
1722669213.4308739
1722669213.4493244
1722669213.4607935
1722669213.4841099
1722669213.4978766
1722669213.5155253
1722669213.532468
1722669213.5431066
1722669213.565723
1722669213.5799675
1722669213.594426
1722669213.6095483
1722669213.624491
1722669213.6414235
1722669213.659072
1722669213.6806011
1722669213.6945682
1722669213.7149072
1722669213.7249792
1722669213.7493837
1722669213.7609065
1722669213.7752068
1722669213.7963586
1722669213.8131979
1722669213.824623
1722669213.8408394
1722669213.8569412
1722669213.8809676
1722669213.891097
1722669213.9127903
1722669213.9234593
1722669213.9520829
1722669213.9566703
1722669213.9822822
1722669213.991062
1722669214.0059447
1722669214.0309217
1722669214.0421789
1722669214.0619497
1722669214.0771396
1722669214.090177
1722669214.1082697
1722669214.130346
1722669214.1412082
1722669214.1627839
1722669214.1723602
1722669214.194916
1722669214.2045825
1722669214.2272258
1722669214.2386627
1722669214.2563012
1722669214.2713094
1722669214.2946892
1722669214.3087182
1722669214.3203685
1722669214.3374052
1722669214.3547914
1722669214.3756266
1722669214.3882577
1722669214.4148302
1722669214.4250958
1722669214.4418447
1722669214.4546044
1722669214.479297
1722669214.487991
1722669214.5110197
1722669214.5257852
1722669214.54242
1722669214.5632377
1722669214.5705416
1722669214.586696
1722669214.6027398
1722669214.6207745
1722669214.6360672
1722669214.6524937
1722669214.6701648
1722669214.6870708
1722669214.7022467
1722669214.7192647
1722669214.7357738
1722669214.7583022
1722669214.7742186
1722669214.7855527
1722669214.8021274
1722669214.8202722
1722669214.8354864
1722669214.8516505
1722669214.8686974
1722669214.8935986
1722669214.9015124
1722669214.9186873
1722669214.9344141
1722669214.9509337
1722669214.9687355
1722669214.9836714
1722669215.0002406
1722669215.0175083
1722669215.0329206
1722669215.050444
1722669215.0690036
1722669215.0840054
1722669215.1011846
1722669215.1173637
1722669215.1348023
1722669215.1506693
1722669215.1656268
1722669215.181684
1722669215.202095
1722669215.2144327
1722669215.232785
1722669215.248929
1722669215.2670116
1722669215.2823887
1722669215.305049
1722669215.3151035
1722669215.3319485
1722669215.3489156
1722669215.3738537
1722669215.3817182
1722669215.3995552
1722669215.4146647
1722669215.4387426
1722669215.4483345
1722669215.4652557
1722669215.4812055
1722669215.4987025
1722669215.52605
1722669215.5314133
1722669215.5472262
1722669215.5641134
1722669215.5804665
1722669215.597158
1722669215.6140363
1722669215.6313798
1722669215.645539
1722669215.6625073
1722669215.6816483
1722669215.695587
1722669215.712103
1722669215.72929
1722669215.7464876
1722669215.7623572
1722669215.77894
1722669215.7950268
1722669215.8120983
1722669215.828385
1722669215.8525558
1722669215.8611445
1722669215.877005
1722669215.8944993
1722669215.911672
1722669215.9264498
1722669215.9431129
1722669215.9621432
1722669215.9799654
1722669215.995281
1722669216.0094624
1722669216.0267365
1722669216.0500016
1722669216.0601315
1722669216.0764816
1722669216.095226
1722669216.1104095
1722669216.1259534
1722669216.1427634
1722669216.1597698
1722669216.1760986
1722669216.1930075
1722669216.2092593
1722669216.2275743
1722669216.2497087
1722669216.2571342
1722669216.2739737
1722669216.2915976
1722669216.3074253
1722669216.3249662
1722669216.3410294
1722669216.357751
1722669216.3736837
1722669216.39298
1722669216.4073715
1722669216.42976
1722669216.4410565
1722669216.458007
1722669216.4807653
1722669216.489248
1722669216.5065212
1722669216.5238783
1722669216.5390093
1722669216.557356
1722669216.57317
1722669216.5895736
1722669216.614105
1722669216.6276548
1722669216.6444337
1722669216.6560419
1722669216.6737587
1722669216.689034
1722669216.7248592
1722669216.727778
1722669216.7397125
1722669216.7634811
1722669216.7717743
1722669216.7890003
1722669216.8121197
1722669216.8225365
1722669216.8388245
1722669216.854993
1722669216.8736968
1722669216.8889153
1722669216.9055765
1722669216.9220777
1722669216.938577
1722669216.956008
1722669216.9715252
1722669216.9889953
1722669217.0046358
1722669217.020805
1722669217.0389905
1722669217.053633
1722669217.070124
1722669217.0873597
1722669217.1044235
1722669217.1205442
1722669217.1371927
1722669217.1539664
1722669217.17029
1722669217.1871696
1722669217.2121336
1722669217.225727
1722669217.2377918
1722669217.2631688
1722669217.2746594
1722669217.2869143
1722669217.3145294
1722669217.3282325
1722669217.3425512
1722669217.361653
1722669217.3718317
1722669217.3970668
1722669217.4073646
1722669217.4298408
1722669217.4429784
1722669217.456957
1722669217.4789774
1722669217.4901361
1722669217.5057912
1722669217.5310104
1722669217.5381863
1722669217.5618162
1722669217.5710936
1722669217.587551
1722669217.605351
1722669217.6284094
1722669217.6379766
1722669217.655132
1722669217.677652
1722669217.6872962
1722669217.7098327
1722669217.7205524
1722669217.7467115
1722669217.7653677
1722669217.7784092
1722669217.7867434
1722669217.8030643
1722669217.8197145
1722669217.8436165
1722669217.8592796
1722669217.867491
1722669217.8856194
1722669217.9047291
1722669217.9200373
1722669217.9360337
1722669217.951933
1722669217.9685724
1722669217.9870067
1722669218.0022292
1722669218.0253546
1722669218.0354197
1722669218.0521045
1722669218.0752563
1722669218.0847225
1722669218.1037343
1722669218.1186736
1722669218.1363862
1722669218.1522708
1722669218.167732
1722669218.1864052
1722669218.2026672
1722669218.2180583
1722669218.2352216
1722669218.2511964
1722669218.2671757
1722669218.2851038
1722669218.300526
1722669218.3175244
1722669218.3431435
1722669218.3528821
1722669218.3742304
1722669218.3849573
1722669218.4003072
1722669218.4230008
1722669218.4400067
1722669218.4521024
1722669218.4747465
1722669218.483861
1722669218.4998262
1722669218.5164719
1722669218.5401163
1722669218.5487447
1722669218.5648842
1722669218.5816405
1722669218.6037073
1722669218.6145046
1722669218.6385522
1722669218.64918
1722669218.6644523
1722669218.6842608
1722669218.705547
1722669218.7210393
1722669218.7325926
1722669218.757242
1722669218.7681427
1722669218.7849092
1722669218.799569
1722669218.822966
1722669218.8334882
1722669218.852644
1722669218.8735812
1722669218.8829
1722669218.9066892
1722669218.9188771
1722669218.9337666
1722669218.9665322
1722669218.9694552
1722669218.982654
1722669219.0045133
1722669219.0218484
1722669219.0324776
1722669219.0485804
1722669219.0707996
1722669219.0834527
1722669219.0976422
1722669219.1210663
1722669219.1336432
1722669219.1578767
1722669219.1678982
1722669219.1860447
1722669219.1974967
1722669219.2208714
1722669219.2313666
1722669219.2546964
1722669219.2651424
1722669219.2860522
1722669219.2967792
1722669219.3191545
1722669219.3363993
1722669219.3523278
1722669219.365757
1722669219.3860672
1722669219.3977988
1722669219.420676
1722669219.43047
1722669219.4544613
1722669219.4652457
1722669219.487852
1722669219.504114
1722669219.514771
1722669219.5376167
1722669219.5485601
1722669219.5722153
1722669219.581275
1722669219.6004777
1722669219.62385
1722669219.6471071
1722669219.6502209
1722669219.6663873
1722669219.6816432
1722669219.7012506
1722669219.7223504
1722669219.7316897
1722669219.7483582
1722669219.764424
1722669219.7885067
1722669219.8055186
1722669219.8145862
1722669219.829945
1722669219.8475945
1722669219.8712606
1722669219.8810837
1722669219.8981113
1722669219.9137733
1722669219.9306424
1722669219.945119
1722669219.9657087
1722669219.9813468
1722669219.996491
1722669220.0134559
1722669220.03077
1722669220.0460253
1722669220.0626695
1722669220.080112
1722669220.0976975
1722669220.119534
1722669220.1347358
1722669220.1456068
1722669220.162577
1722669220.1787267
1722669220.195082
1722669220.2142065
1722669220.228047
1722669220.2443745
1722669220.26291
1722669220.2795985
1722669220.2941601
1722669220.310931
1722669220.3273225
1722669220.3439052
1722669220.3615005
1722669220.3780541
1722669220.3947644
1722669220.4105282
1722669220.4292064
1722669220.4506552
1722669220.4617245
1722669220.4836972
1722669220.4970627
1722669220.518172
1722669220.5277858
1722669220.5438738
1722669220.5608835
1722669220.5766706
1722669220.5937424
1722669220.6109326
1722669220.627658
1722669220.652728
1722669220.6615582
1722669220.6819603
1722669220.6953316
1722669220.7151084
1722669220.726885
1722669220.7545397
1722669220.7650695
1722669220.7823467
1722669220.8004804
1722669220.8147526
1722669220.8307958
1722669220.851902
1722669220.8607519
1722669220.8836849
1722669220.8940575
1722669220.919958
1722669220.932125
1722669220.9439263
1722669220.9610472
1722669220.9785028
1722669220.9958997
1722669221.0179079
1722669221.0292008
1722669221.054646
1722669221.0645714
1722669221.077855
1722669221.0936382
1722669221.1179912
1722669221.1303027
1722669221.1434884
1722669221.160871
1722669221.1800706
1722669221.1929317
1722669221.2122042
1722669221.225835
1722669221.2426808
1722669221.2703834
1722669221.2780004
1722669221.2934601
1722669221.311312
1722669221.3276508
1722669221.343496
1722669221.3683822
1722669221.3780174
1722669221.4003997
1722669221.4113512
1722669221.431817
1722669221.446948
1722669221.462913
1722669221.481758
1722669221.495858
1722669221.5132396
1722669221.5261085
1722669221.5502615
1722669221.560734
1722669221.5827909
1722669221.596025
1722669221.6081417
1722669221.6242738
1722669221.6411185
1722669221.6634536
1722669221.6805928
1722669221.690666
1722669221.7143161
1722669221.7271934
1722669221.745526
1722669221.7599144
1722669221.7789502
1722669221.7956212
1722669221.8106773
1722669221.822291
1722669221.847863
1722669221.8619046
1722669221.8722816
1722669221.890344
1722669221.9075592
1722669221.921948
1722669221.9442723
1722669221.9603782
1722669221.9763663
1722669221.99335
1722669222.0086136
1722669222.0321774
1722669222.0399756
1722669222.061976
1722669222.0714333
1722669222.0959177
1722669222.1093385
1722669222.120784
1722669222.1369643
1722669222.1611078
1722669222.17475
1722669222.1944408
1722669222.2097058
1722669222.2250135
1722669222.2422318
1722669222.2586563
1722669222.2726724
1722669222.2907453
1722669222.3076012
1722669222.3301275
1722669222.3404374
1722669222.3563266
1722669222.3815842
1722669222.3926463
1722669222.412487
1722669222.4256666
1722669222.4395285
1722669222.4572496
1722669222.4785326
1722669222.4884405
1722669222.5110595
1722669222.526668
1722669222.5393658
1722669222.5619714
1722669222.576915
1722669222.5875561
1722669222.614433
1722669222.6262083
1722669222.6448565
1722669222.6552558
1722669222.679905
1722669222.691512
1722669222.7039723
1722669222.726245
1722669222.7451882
1722669222.7531614
1722669222.770713
1722669222.7872932
1722669222.8108752
1722669222.819861
1722669222.8364089
1722669222.8663156
1722669222.8774962
1722669222.8879771
1722669222.9121335
1722669222.9208164
1722669222.9371557
1722669222.955299
1722669222.9777186
1722669222.9894524
1722669223.0091805
1722669223.0238342
1722669223.0446
1722669223.0546803
1722669223.0756607
1722669223.0862386
1722669223.1120408
1722669223.1235514
1722669223.1370037
1722669223.1527588
1722669223.1752431
1722669223.1902442
1722669223.2035558
1722669223.225871
1722669223.2366636
1722669223.2616987
1722669223.2730062
1722669223.292929
1722669223.3032372
1722669223.3192167
1722669223.343273
1722669223.356877
1722669223.3700123
1722669223.3862417
1722669223.4089754
1722669223.4194257
1722669223.4423354
1722669223.4557407
1722669223.474303
1722669223.4851453
1722669223.5105097
1722669223.5196416
1722669223.5348647
1722669223.55888
1722669223.5706844
1722669223.5849483
1722669223.601866
1722669223.6176052
1722669223.634171
1722669223.6525483
1722669223.67071
1722669223.6838868
1722669223.6999836
1722669223.7178545
1722669223.7328322
1722669223.752947
1722669223.7663207
1722669223.7823825
1722669223.8033779
1722669223.8149006
1722669223.8366964
1722669223.8480568
1722669223.8706315
1722669223.8838193
1722669223.8991585
1722669223.9218364
1722669223.935617
1722669223.9548397
1722669223.9667733
1722669223.9838824
1722669223.9971352
1722669224.0138955
1722669224.0301058
1722669224.0559757
1722669224.07009
1722669224.0800126
1722669224.0961576
1722669224.1149347
1722669224.1307516
1722669224.146013
1722669224.168624
1722669224.1816475
1722669224.20529
1722669224.2164724
1722669224.2304692
1722669224.2555707
1722669224.2628853
1722669224.2870553
1722669224.2955706
1722669224.3192945
1722669224.32853
1722669224.3532763
1722669224.3664873
1722669224.3862796
1722669224.3951468
1722669224.4172473
1722669224.4339395
1722669224.4519007
1722669224.4657013
1722669224.4828577
1722669224.4938238
1722669224.5188222
1722669224.5310295
1722669224.543954
1722669224.5640495
1722669224.576957
1722669224.601149
1722669224.6136458
1722669224.625801
1722669224.6500578
1722669224.664965
1722669224.6769204
1722669224.694059
1722669224.7160084
1722669224.7278008
1722669224.7511585
1722669224.7622983
1722669224.777043
1722669224.7995753
1722669224.8110557
1722669224.8336804
1722669224.8479354
1722669224.8637273
1722669224.8806224
1722669224.8924344
1722669224.9166746
1722669224.9269204
1722669224.9509337
1722669224.9637148
1722669224.9793005
1722669224.9923017
1722669225.0153918
1722669225.0300024
1722669225.0467336
1722669225.0611324
1722669225.081293
1722669225.0959048
1722669225.1078951
1722669225.1240776
1722669225.1487179
1722669225.1675308
1722669225.183231
1722669225.1911292
1722669225.215108
1722669225.2280083
1722669225.2396576
1722669225.2641082
1722669225.2763379
1722669225.2897532
1722669225.312108
1722669225.3278046
1722669225.3473258
1722669225.3618445
1722669225.3759146
1722669225.3991907
1722669225.4072342
1722669225.4325328
1722669225.4401515
1722669225.4622188
1722669225.4783387
1722669225.4908288
1722669225.513435
1722669225.523601
1722669225.5451672
1722669225.557443
1722669225.5806613
1722669225.5898921
1722669225.6058757
1722669225.6225219
1722669225.6392999
1722669225.6569521
1722669225.6777582
1722669225.689335
1722669225.7063181
1722669225.7228405
1722669225.748592
1722669225.7551708
1722669225.7808418
1722669225.7932189
1722669225.8051941
1722669225.8292336
1722669225.8402362
1722669225.855147
1722669225.875944
1722669225.888119
1722669225.9107323
1722669225.9215527
1722669225.9399345
1722669225.9553277
1722669225.9785495
1722669225.9877098
1722669226.011824
1722669226.0206392
1722669226.045712
1722669226.0537622
1722669226.0765603
1722669226.0875275
1722669226.1114924
1722669226.123291
1722669226.1448555
1722669226.156392
1722669226.1812224
1722669226.195321
1722669226.2104235
1722669226.232537
1722669226.2403529
1722669226.2646344
1722669226.279287
1722669226.2917662
1722669226.3065493
1722669226.3221095
1722669226.3458145
1722669226.356173
1722669226.3800015
1722669226.394708
1722669226.4071507
1722669226.428559
1722669226.4403667
1722669226.458051
1722669226.4733753
1722669226.494903
1722669226.5052366
1722669226.5219069
1722669226.5376227
1722669226.5617964
1722669226.574666
1722669226.592071
1722669226.6042428
1722669226.6261685
1722669226.6397312
1722669226.6610506
1722669226.672865
1722669226.6862826
1722669226.7090042
1722669226.720411
1722669226.740203
1722669226.7554755
1722669226.7695165
1722669226.7881
1722669226.8113172
1722669226.8199737
1722669226.8426182
1722669226.8530312
1722669226.8743205
1722669226.8848288
1722669226.90784
1722669226.9196243
1722669226.9348693
1722669226.9601948
1722669226.9744976
1722669226.985278
1722669227.0105932
1722669227.0208473
1722669227.044064
1722669227.0526824
1722669227.0764124
1722669227.0857162
1722669227.1106057
1722669227.1194954
1722669227.1424835
1722669227.1529312
1722669227.1768696
1722669227.1853657
1722669227.2086937
1722669227.219814
1722669227.2407606
1722669227.2553918
1722669227.2784357
1722669227.2929533
1722669227.303657
1722669227.328176
1722669227.3370874
1722669227.3663092
1722669227.3698971
1722669227.3942957
1722669227.4060678
1722669227.4272323
1722669227.441993
1722669227.4524047
1722669227.477997
1722669227.4906623
1722669227.5076017
1722669227.5218043
1722669227.5410578
1722669227.557042
1722669227.5707738
1722669227.5876136
1722669227.6021426
1722669227.6255794
1722669227.6358304
1722669227.661325
1722669227.671696
1722669227.6861005
1722669227.703805
1722669227.720804
1722669227.7353907
1722669227.7520359
1722669227.774189
1722669227.78499
1722669227.807327
1722669227.8184264
1722669227.8385296
1722669227.8508253
1722669227.8673089
1722669227.889907
1722669227.9010797
1722669227.9253964
1722669227.9365828
1722669227.9514353
1722669227.9666293
1722669227.9886885
1722669227.9983983
1722669228.0163512
1722669228.032983
1722669228.0511744
1722669228.066782
1722669228.0827932
1722669228.1067677
1722669228.1161122
1722669228.1421845
1722669228.1535275
1722669228.1742897
1722669228.1822534
1722669228.2101526
1722669228.2193177
1722669228.232144
1722669228.2555544
1722669228.2692583
1722669228.2813232
1722669228.2978358
1722669228.3146548
1722669228.3386009
1722669228.3477826
1722669228.3638244
1722669228.3874247
1722669228.397435
1722669228.4208808
1722669228.4309244
1722669228.4532208
1722669228.4675653
1722669228.4844258
1722669228.5033257
1722669228.6925998
1722669228.6927347
1722669228.6928663
1722669228.692999
1722669228.6931338
1722669228.6932728
1722669228.6934402
1722669228.6936796
1722669228.6938117
1722669228.6939454
1722669228.6942186
1722669228.6999755
1722669228.714565
1722669228.730633
1722669228.7465804
1722669228.7696543
1722669228.7798102
1722669228.8041675
1722669228.815042
1722669228.838148
1722669228.851041
1722669228.864183
1722669228.8866863
1722669228.89701
1722669228.912866
1722669228.9317718
1722669228.9527953
1722669228.9646127
1722669228.9882941
1722669228.9984543
1722669229.0148287
1722669229.0387127
1722669229.0473766
1722669229.0689332
1722669229.080248
1722669229.1016936
1722669229.114128
1722669229.1306107
1722669229.1468623
1722669229.1620405
1722669229.1832445
1722669229.2021167
1722669229.2127137
1722669229.234571
1722669229.2480876
1722669229.2628317
1722669229.2855904
1722669229.2959058
1722669229.3182495
1722669229.335237
1722669229.3470752
1722669229.36146
1722669229.384394
1722669229.4004042
1722669229.413332
1722669229.4368088
1722669229.4482992
1722669229.4615443
1722669229.4880884
1722669229.498325
1722669229.5105968
1722669229.5372145
1722669229.5453308
1722669229.5605888
1722669229.5809503
1722669229.5951602
1722669229.6125426
1722669229.6281865
1722669229.6464968
1722669229.6695764
1722669229.6795416
1722669229.6996021
1722669229.7178617
1722669229.727701
1722669229.7448683
1722669229.7612326
1722669229.7779236
1722669229.7957494
1722669229.8117704
1722669229.8274136
1722669229.8439598
1722669229.8688061
1722669229.8786747
1722669229.8940837
1722669229.910656
1722669229.927565
1722669229.9436195
1722669229.9602244
1722669229.9787295
1722669229.9949317
1722669230.009689
1722669230.0299711
1722669230.0539227
1722669230.0595684
1722669230.076447
1722669230.0929065
1722669230.109613
1722669230.1256998
1722669230.14302
1722669230.1589012
1722669230.1753783
1722669230.1930494
1722669230.2138991
1722669230.2254908
1722669230.243393
1722669230.2594392
1722669230.2819052
1722669230.2990322
1722669230.3112226
1722669230.3348029
1722669230.3478618
1722669230.3592815
1722669230.3815546
1722669230.391989
1722669230.41567
1722669230.4255335
1722669230.441903
1722669230.4592443
1722669230.4830024
1722669230.4941294
1722669230.5091944
1722669230.527912
1722669230.5474777
1722669230.560725
1722669230.58263
1722669230.5922365
1722669230.6084936
1722669230.6271586
1722669230.6433678
1722669230.6639662
1722669230.6793694
1722669230.6971464
1722669230.7129934
1722669230.7238188
1722669230.7412481
1722669230.7665234
1722669230.7750986
1722669230.7949693
1722669230.8073993
1722669230.8252802
1722669230.8467312
1722669230.8565202
1722669230.8808372
1722669230.8905869
1722669230.9061003
1722669230.9279337
1722669230.9393673
1722669230.9619226
1722669230.9754212
1722669230.9907286
1722669231.0140016
1722669231.0244038
1722669231.0405571
1722669231.064347
1722669231.073318
1722669231.0880244
1722669231.1114626
1722669231.1219544
1722669231.1383736
1722669231.1605003
1722669231.1716874
1722669231.194687
1722669231.2080035
1722669231.22631
1722669231.237757
1722669231.2593553
1722669231.2704918
1722669231.2938576
1722669231.3033557
1722669231.324345
1722669231.3354392
1722669231.3549075
1722669231.3687983
1722669231.3863516
1722669231.4086642
1722669231.4198565
1722669231.4421802
1722669231.4540997
1722669231.4763856
1722669231.4851074
1722669231.5089417
1722669231.5188694
1722669231.545393
1722669231.5545654
1722669231.5700321
1722669231.584077
1722669231.6082153
1722669231.6186707
1722669231.6362467
1722669231.656855
1722669231.6709151
1722669231.684155
1722669231.7033434
1722669231.7164116
1722669231.734615
1722669231.7503717
1722669231.7671068
1722669231.7905545
1722669231.8022208
1722669231.818986
1722669231.8353117
1722669231.8521605
1722669231.8666415
1722669231.8831902
1722669231.9001212
1722669231.9218357
1722669231.9341114
1722669231.9547021
1722669231.9665227
1722669231.9896333
1722669231.998611
1722669232.0151749
1722669232.0358627
1722669232.0535731
1722669232.0710988
1722669232.083253
1722669232.1006174
1722669232.1210966
1722669232.1383846
1722669232.153839
1722669232.1683288
1722669232.1802957
1722669232.2030723
1722669232.2182457
1722669232.2302349
1722669232.255415
1722669232.2677672
1722669232.2859511
1722669232.300487
1722669232.3138146
1722669232.3330777
1722669232.3513212
1722669232.367603
1722669232.3813088
1722669232.402803
1722669232.4138744
1722669232.438401
1722669232.448703
1722669232.468945
1722669232.4844494
1722669232.501774
1722669232.5181785
1722669232.531073
1722669232.5458548
1722669232.5666153
1722669232.5786643
1722669232.5980995
1722669232.6120076
1722669232.6280844
1722669232.65186
1722669232.661749
1722669232.682604
1722669232.695495
1722669232.715307
1722669232.7312667
1722669232.744366
1722669232.7665007
1722669232.7789574
1722669232.794583
1722669232.8099704
1722669232.8274405
1722669232.8498607
1722669232.8618615
1722669232.8836575
1722669232.8937054
1722669232.917874
1722669232.9301639
1722669232.94762
1722669232.9618037
1722669232.9835
1722669232.9927273
1722669233.0154676
1722669233.0259757
1722669233.0484684
1722669233.06406
1722669233.076224
1722669233.0970342
1722669233.109204
1722669233.125232
1722669233.1488965
1722669233.1608784
1722669233.1811635
1722669233.1924405
1722669233.2122154
1722669233.2244897
1722669233.2419224
1722669233.2633967
1722669233.2813509
1722669233.293654
1722669233.3143327
1722669233.3307676
1722669233.3466501
1722669233.3580308
1722669233.3809469
1722669233.3940215
1722669233.4072306
1722669233.4245787
1722669233.4437664
1722669233.4588733
1722669233.4802408
1722669233.495297
1722669233.5075579
1722669233.5233772
1722669233.5480008
1722669233.5576968
1722669233.5755548
1722669233.5904524
1722669233.6067872
1722669233.6236434
1722669233.6477804
1722669233.6596003
1722669233.6796257
1722669233.6904697
1722669233.7071514
1722669233.7227838
1722669233.7409365
1722669233.7608893
1722669233.7766445
1722669233.7951515
1722669233.8078709
1722669233.827819
1722669233.8398707
1722669233.8593764
1722669233.8772998
1722669233.8936887
1722669233.907326
1722669233.9249883
1722669233.9401135
1722669233.96136
1722669233.9768846
1722669233.9929848
1722669234.0101223
1722669234.025906
1722669234.0408862
1722669234.0602448
1722669234.0729153
1722669234.0951164
1722669234.1101434
1722669234.1223881
1722669234.1408722
1722669234.1539204
1722669234.1759932
1722669234.192898
1722669234.2064292
1722669234.2243617
1722669234.2409117
1722669234.2572014
1722669234.2767067
1722669234.2871797
1722669234.3065193
1722669234.3224955
1722669234.3359835
1722669234.3597722
1722669234.3696434
1722669234.3925498
1722669234.4084196
1722669234.4194393
1722669234.4402242
1722669234.4546986
1722669234.4750519
1722669234.4901822
1722669234.5061567
1722669234.5235991
1722669234.5404067
1722669234.5563931
1722669234.5684566
1722669234.5843945
1722669234.6052446
1722669234.6181953
1722669234.6404831
1722669234.653224
1722669234.6707096
1722669234.6899993
1722669234.7002761
1722669234.721619
1722669234.7347617
1722669234.7537508
1722669234.7707438
1722669234.785478
1722669234.8019905
1722669234.8208053
1722669234.8378012
1722669234.8492281
1722669234.8666599
1722669234.8872724
1722669234.900591
1722669234.9207559
1722669234.9375417
1722669234.9552348
1722669234.96833
1722669234.9836836
1722669235.0021954
1722669235.0165431
1722669235.0378883
1722669235.048457
1722669235.069491
1722669235.0836618
1722669235.102138
1722669235.1177096
1722669235.1298573
1722669235.1566012
1722669235.1633928
1722669235.1849577
1722669235.197841
1722669235.2202158
1722669235.2312174
1722669235.2521453
1722669235.2629688
1722669235.2796788
1722669235.2960875
1722669235.3176017
1722669235.335619
1722669235.3515048
1722669235.363957
1722669235.384378
1722669235.399877
1722669235.4175858
1722669235.4316962
1722669235.4529545
1722669235.468032
1722669235.4849615
1722669235.5011866
1722669235.515706
1722669235.5313337
1722669235.551991
1722669235.5666995
1722669235.5800414
1722669235.6120121
1722669235.6142185
1722669235.6314662
1722669235.646949
1722669235.6671774
1722669235.6840072
1722669235.694587
1722669235.7151775
1722669235.7303843
1722669235.7463639
1722669235.7617738
1722669235.7802963
1722669235.8002384
1722669235.8144476
1722669235.8345184
1722669235.8483813
1722669235.8627877
1722669235.880705
1722669235.8948965
1722669235.914447
1722669235.9274993
1722669235.949829
1722669235.9632268
1722669235.9781013
1722669236.001015
1722669236.0146387
1722669236.0299394
1722669236.045272
1722669236.060667
1722669236.0796342
1722669236.094817
1722669236.1181147
1722669236.1301641
1722669236.1469774
1722669236.1673994
1722669236.1831632
1722669236.1990385
1722669236.2184632
1722669236.2343805
1722669236.2477577
1722669236.2658315
1722669236.2843904
1722669236.2964277
1722669236.3154838
1722669236.33167
1722669236.3455014
1722669236.3641741
1722669236.3775592
1722669236.3942056
1722669236.4151323
1722669236.4309676
1722669236.4480846
1722669236.4646847
1722669236.4768991
1722669236.499714
1722669236.5131993
1722669236.5264347
1722669236.5497932
1722669236.5620394
1722669236.579344
1722669236.5940764
1722669236.6132088
1722669236.627717
1722669236.6482775
1722669236.6610625
1722669236.6831026
1722669236.6970668
1722669236.7116635
1722669236.7312968
1722669236.7447674
1722669236.763467
1722669236.7805233
1722669236.7940285
1722669236.8151045
1722669236.8269794
1722669236.8489683
1722669236.8636398
1722669236.8806875
1722669236.897656
1722669236.9146736
1722669236.9279144
1722669236.946556
1722669236.9584649
1722669236.979793
1722669236.9953175
1722669237.0136542
1722669237.0265882
1722669237.0435514
1722669237.0623422
1722669237.0780704
1722669237.0950773
1722669237.1082911
1722669237.1312878
1722669237.1453216
1722669237.1633162
1722669237.176798
1722669237.1937594
1722669237.2064016
1722669237.226471
1722669237.2426991
1722669237.2611892
1722669237.272376
1722669237.2922702
1722669237.3071733
1722669237.326839
1722669237.3430028
1722669237.3576882
1722669237.3776336
1722669237.3914702
1722669237.4303994
1722669237.4312007
1722669237.4422884
1722669237.4605305
1722669237.4732277
1722669237.494031
1722669237.5066152
1722669237.523349
1722669237.5436583
1722669237.560807
1722669237.5724387
1722669237.5925372
1722669237.6103427
1722669237.6246815
1722669237.6407812
1722669237.6610985
1722669237.6767476
1722669237.6951406
1722669237.7113671
1722669237.723286
1722669237.742613
1722669237.7568707
1722669237.7779164
1722669237.7922983
1722669237.8063197
1722669237.8221238
1722669237.8379934
1722669237.8558826
1722669237.8749273
1722669237.8902302
1722669237.9035378
1722669237.9229245
1722669237.9370844
1722669237.956967
1722669237.9703588
1722669237.9922116
1722669238.0068884
1722669238.0250497
1722669238.0389798
1722669238.057115
1722669238.072017
1722669238.0915928
1722669238.105967
1722669238.1243212
1722669238.1370761
1722669238.1611211
1722669238.1700194
1722669238.186478
1722669238.2086904
1722669238.220616
1722669238.2350404
1722669238.256992
1722669238.2719333
1722669238.2876155
1722669238.3057468
1722669238.3179202
1722669238.339783
1722669238.3516757
1722669238.3729827
1722669238.3859358
1722669238.404163
1722669238.420161
1722669238.438752
1722669238.4548342
1722669238.4736333
1722669238.4877853
1722669238.505379
1722669238.5185144
1722669238.5389879
1722669238.5543272
1722669238.572309
1722669238.5848122
1722669238.602282
1722669238.6188574
1722669238.6347766
1722669238.6514707
1722669238.6694338
1722669238.6873286
1722669238.705184
1722669238.7199676
1722669238.7357466
1722669238.7530768
1722669238.7691612
1722669238.7823958
1722669238.8059444
1722669238.8193893
1722669238.8331542
1722669238.852344
1722669238.866395
1722669238.8824065
1722669238.8998542
1722669238.9208755
1722669238.9381347
1722669238.9535816
1722669238.9658375
1722669238.9869392
1722669238.9999433
1722669239.0218654
1722669239.0359166
1722669239.0519059
1722669239.0666537
1722669239.083131
1722669239.0988495
1722669239.1197844
1722669239.135943
1722669239.1515942
1722669239.1689014
1722669239.2003107
1722669239.2024329
1722669239.2142642
1722669239.2363234
1722669239.253284
1722669239.2641492
1722669239.287604
1722669239.3042533
1722669239.319359
1722669239.3367188
1722669239.352309
1722669239.3692338
1722669239.3831003
1722669239.4013543
1722669239.422406
1722669239.436183
1722669239.4522188
1722669239.4665844
1722669239.48496
1722669239.5003505
1722669239.5193381
1722669239.5335422
1722669239.55244
1722669239.5635045
1722669239.5860162
1722669239.6029637
1722669239.6177797
1722669239.6343493
1722669239.6467168
1722669239.6709714
1722669239.6819825
1722669239.6978037
1722669239.715947
1722669239.7305202
1722669239.746472
1722669239.7652807
1722669239.7941866
1722669239.7999177
1722669239.8169363
1722669239.8311958
1722669239.8490984
1722669239.8645306
1722669239.8798883
1722669239.8978133
1722669239.9163084
1722669239.9346566
1722669239.947426
1722669239.9629695
1722669239.980707
1722669239.9976826
1722669240.0176902
1722669240.0305083
1722669240.0500584
1722669240.0705535
1722669240.0764606
1722669240.095702
1722669240.1179974
1722669240.1299944
1722669240.1465957
1722669240.1675224
1722669240.1822703
1722669240.1963978
1722669240.2161367
1722669240.2340753
1722669240.2460773
1722669240.2694485
1722669240.2811003
1722669240.2979002
1722669240.3174613
1722669240.3331199
1722669240.344974
1722669240.3678648
1722669240.3803954
1722669240.3989651
1722669240.4152656
1722669240.432882
1722669240.451904
1722669240.4623823
1722669240.480395
1722669240.50047
1722669240.513869
1722669240.5381482
1722669240.5516872
1722669240.565878
1722669240.5838335
1722669240.5961957
1722669240.6120548
1722669240.6343815
1722669240.6469495
1722669240.6618524
1722669240.6829236
1722669240.6988876
1722669240.7141485
1722669240.7318628
1722669240.7436588
1722669240.7613344
1722669240.7813017
1722669240.797097
1722669240.8115807
1722669240.8316278
1722669240.843602
1722669240.866774
1722669240.8810327
1722669240.8964214
1722669240.9106774
1722669240.9262977
1722669240.949274
1722669240.962611
1722669240.9786584
1722669240.998042
1722669241.0141096
1722669241.0302553
1722669241.043334
1722669241.062923
1722669241.080689
1722669241.094712
1722669241.1134453
1722669241.1304858
1722669241.14608
1722669241.1611545
1722669241.177029
1722669241.1951144
1722669241.2135708
1722669241.2245288
1722669241.246572
1722669241.259285
1722669241.278789
1722669241.2950535
1722669241.3073945
1722669241.3261728
1722669241.3447623
1722669241.3579404
1722669241.373549
1722669241.3901117
1722669241.4077108
1722669241.4248874
1722669241.4411502
1722669241.4608898
1722669241.4732957
1722669241.495758
1722669241.5073187
1722669241.52689
1722669241.5439627
1722669241.5604043
1722669241.572845
1722669241.5939515
1722669241.605539
1722669241.6243246
1722669241.6397717
1722669241.659162
1722669241.672054
1722669241.694195
1722669241.7059832
1722669241.724529
1722669241.7426934
1722669241.755321
1722669241.7736807
1722669241.7927363
1722669241.8060896
1722669241.8297534
1722669241.8395846
1722669241.8584015
1722669241.8722935
1722669241.8936925
1722669241.9061735
1722669241.926841
1722669241.9396975
1722669241.957924
1722669241.9726274
1722669241.990007
1722669242.009388
1722669242.0264473
1722669242.040202
1722669242.0584927
1722669242.071938
1722669242.0893838
1722669242.1065052
1722669242.123666
1722669242.138547
1722669242.1566882
1722669242.1714451
1722669242.1881351
1722669242.20778
1722669242.225325
1722669242.2383218
1722669242.260906
1722669242.272026
1722669242.2952378
1722669242.3827097
1722669242.383467
1722669242.3847177
1722669242.385565
1722669242.3863256
1722669242.395318
1722669242.4083745
1722669242.4283967
1722669242.4439363
1722669242.461431
1722669242.4736116
1722669242.4917803
1722669242.5107691
1722669242.523455
1722669242.5433009
1722669242.5599623
1722669242.5756845
1722669242.5938232
1722669242.6055079
1722669242.625518
1722669242.642781
1722669242.6548555
1722669242.6712065
1722669242.693321
1722669242.7056777
1722669242.7280738
1722669242.7381818
1722669242.7546995
1722669242.771856
1722669242.793438
1722669242.8085654
1722669242.8253639
1722669242.8420582
1722669242.857012
1722669242.8775437
1722669242.8912325
1722669242.908256
1722669242.9218557
1722669242.940266
1722669242.9539516
1722669242.9760273
1722669242.991173
1722669243.0035126
1722669243.0259068
1722669243.040688
1722669243.055656
1722669243.0753765
1722669243.0868442
1722669243.1079578
1722669243.1234543
1722669243.1361818
1722669243.1567748
1722669243.169763
1722669243.1918786
1722669243.2075825
1722669243.223326
1722669243.2398844
1722669243.2568312
1722669243.2733314
1722669243.285487
1722669243.307976
1722669243.3187664
1722669243.3393884
1722669243.353645
1722669243.369308
1722669243.3904321
1722669243.419221
1722669243.4838018
1722669243.4845524
1722669243.4853106
1722669243.4864764
1722669243.4873347
1722669243.505109
1722669243.5194798
1722669243.5371895
1722669243.553448
1722669243.5691636
1722669243.5867052
1722669243.598514
1722669243.614733
1722669243.6309843
1722669243.6477401
1722669243.663128
1722669243.684234
1722669243.7030585
1722669243.7178314
1722669243.7332296
1722669243.753797
1722669243.7661128
1722669243.785757
1722669243.8018172
1722669243.8179195
1722669243.8302267
1722669243.8539705
1722669243.8662114
1722669243.8801053
1722669243.899149
1722669243.9159768
1722669243.9307868
1722669243.9535258
1722669243.9633505
1722669243.9857404
1722669243.9975574
1722669244.0139592
1722669244.0344622
1722669244.047661
1722669244.0648034
1722669244.0836146
1722669244.0998228
1722669244.1118407
1722669244.13756
1722669244.1479554
1722669244.1678858
1722669244.1847887
1722669244.2015398
1722669244.2179244
1722669244.2346249
1722669244.2508724
1722669244.2628152
1722669244.280327
1722669244.3018956
1722669244.3127897
1722669244.3339624
1722669244.346765
1722669244.3696775
1722669244.3797023
1722669244.393863
1722669244.4161136
1722669244.4333262
1722669244.448599
1722669244.464257
1722669244.4855225
1722669244.4972243
1722669244.5163503
1722669244.5275877
1722669244.5454829
1722669244.5643928
1722669244.5797799
1722669244.5985277
1722669244.6274805
1722669244.6804092
1722669244.6809947
1722669244.6824017
1722669244.6835063
1722669244.6931534
1722669244.7096288
1722669244.7277386
1722669244.7441301
1722669244.764859
1722669244.7793784
1722669244.792877
1722669244.8091798
1722669244.8273363
1722669244.842627
1722669244.8598692
1722669244.8814259
1722669244.8929837
1722669244.9084883
1722669244.926302
1722669244.9478061
1722669244.958449
1722669244.9778168
1722669244.9918258
1722669245.0090375
1722669245.02985
1722669245.0481591
1722669245.0619638
1722669245.0789561
1722669245.0929468
1722669245.1123238
1722669245.1257465
1722669245.1455507
1722669245.1611676
1722669245.1744173
1722669245.1955204
1722669245.207587
1722669245.2248847
1722669245.2411904
1722669245.257873
1722669245.2763119
1722669245.2910383
1722669245.3096755
1722669245.3230045
1722669245.3403125
1722669245.3566613
1722669245.37226
1722669245.3896964
1722669245.407917
1722669245.4210331
1722669245.4381206
1722669245.4545922
1722669245.4739738
1722669245.4876335
1722669245.5050473
1722669245.5247295
1722669245.5380776
1722669245.5557213
1722669245.5717561
1722669245.5879736
1722669245.6047359
1722669245.6217637
1722669245.643858
1722669245.656152
1722669245.6736884
1722669245.6869943
1722669245.7053509
1722669245.7249432
1722669245.7420707
1722669245.760226
1722669245.7723863
1722669245.793131
1722669245.8047428
1722669245.8250678
1722669245.848292
1722669245.907633
1722669245.9090722
1722669245.9104173
1722669245.9117658
1722669245.9208078
1722669245.9411879
1722669245.9596252
1722669245.9696438
1722669245.9864256
1722669246.0027008
1722669246.0190535
1722669246.0370014
1722669246.0550876
1722669246.072405
1722669246.0866258
1722669246.1013095
1722669246.1202586
1722669246.1403146
1722669246.1524444
1722669246.171067
1722669246.191504
1722669246.201747
1722669246.2228577
1722669246.2403665
1722669246.2567441
1722669246.272973
1722669246.287563
1722669246.3071697
1722669246.319157
1722669246.3393044
1722669246.3524058
1722669246.371602
1722669246.384737
1722669246.400299
1722669246.4199903
1722669246.433609
1722669246.4555838
1722669246.4679728
1722669246.4848652
1722669246.5043406
1722669246.5181215
1722669246.5389736
1722669246.5508065
1722669246.573087
1722669246.586403
1722669246.6009579
1722669246.6167865
1722669246.635807
1722669246.6529565
1722669246.668439
1722669246.6828992
1722669246.6989462
1722669246.7179568
1722669246.7367578
1722669246.75246
1722669246.7690182
1722669246.781928
1722669246.801955
1722669246.819274
1722669246.8345451
1722669246.8532114
1722669246.8659558
1722669246.8850908
1722669246.900128
1722669246.9178605
1722669246.9299593
1722669246.9518151
1722669246.969233
1722669246.9851882
1722669247.0464416
1722669247.0471795
1722669247.0484235
1722669247.0518968
1722669247.0671322
1722669247.0818658
1722669247.101432
1722669247.1171308
1722669247.1332643
1722669247.1513152
1722669247.1683402
1722669247.181265
1722669247.201997
1722669247.2144136
1722669247.23455
1722669247.2497647
1722669247.2674541
1722669247.2843997
1722669247.2986853
1722669247.315143
1722669247.3298028
1722669247.3518133
1722669247.36267
1722669247.3800278
1722669247.396856
1722669247.418015
1722669247.431446
1722669247.4445274
1722669247.4672883
1722669247.4811094
1722669247.4976997
1722669247.511905
1722669247.5352907
1722669247.5456107
1722669247.563116
1722669247.5807068
1722669247.5969563
1722669247.6111155
1722669247.628277
1722669247.6476352
1722669247.661205
1722669247.6770215
1722669247.6987498
1722669247.7140594
1722669247.7300272
1722669247.7433748
1722669247.7605202
1722669247.7769196
1722669247.7930007
1722669247.8091576
1722669247.83382
1722669247.8427067
1722669247.858912
1722669247.875849
1722669247.8916097
1722669247.9118311
1722669247.9276323
1722669247.9432247
1722669247.9650812
1722669247.9773054
1722669247.9972818
1722669248.0103083
1722669248.0319433
1722669248.0445125
1722669248.0587656
1722669248.0768123
1722669248.0924003
1722669248.1086748
1722669248.124143
1722669248.1421063
1722669248.158987
1722669248.17548
1722669248.191292
1722669248.2130318
1722669248.2256699
1722669248.2454255
1722669248.2922962
1722669248.3284383
1722669248.3296363
1722669248.3306108
1722669248.3313704
1722669248.3463187
1722669248.3604705
1722669248.3751407
1722669248.39448
1722669248.4090447
1722669248.4256816
1722669248.4470875
1722669248.4642694
1722669248.4759245
1722669248.4928129
1722669248.5142791
1722669248.5273154
1722669248.5433123
1722669248.5584521
1722669248.581562
1722669248.5936966
1722669248.6117713
1722669248.6254563
1722669248.6459472
1722669248.6586487
1722669248.6802974
1722669248.6915565
1722669248.7076406
1722669248.7311628
1722669248.7420475
1722669248.7595181
1722669248.7797248
1722669248.791538
1722669248.8075802
1722669248.824796
1722669248.8403447
1722669248.858986
1722669248.8744369
1722669248.8913355
1722669248.9070756
1722669248.9237223
1722669248.943485
1722669248.9606676
1722669248.9742672
1722669248.9897335
1722669249.0086043
1722669249.0235152
1722669249.0399675
1722669249.0561118
1722669249.073168
1722669249.0917099
1722669249.1111975
1722669249.1286423
1722669249.139095
1722669249.1556861
1722669249.171934
1722669249.1897373
1722669249.2068663
1722669249.2223513
1722669249.2411315
1722669249.2555864
1722669249.2779093
1722669249.290303
1722669249.3062267
1722669249.3283582
1722669249.339345
1722669249.3610213
1722669249.3745718
1722669249.3921273
1722669249.4682848
1722669249.4690359
1722669249.4699502
1722669249.4720166
1722669249.475153
1722669249.4944441
1722669249.5075395
1722669249.5217853
1722669249.539722
1722669249.5582054
1722669249.5712101
1722669249.5875835
1722669249.6051016
1722669249.6212425
1722669249.6368904
1722669249.6543083
1722669249.6711946
1722669249.6888404
1722669249.7103987
1722669249.720955
1722669249.7422261
1722669249.7557895
1722669249.7705534
1722669249.792211
1722669249.8047228
1722669249.8256466
1722669249.8420367
1722669249.8577876
1722669249.8751295
1722669249.8869197
1722669249.906717
1722669249.924564
1722669249.9359698
1722669249.9588356
1722669249.9696188
1722669249.992342
1722669250.0042267
1722669250.022504
1722669250.0360484
1722669250.0542831
1722669250.0700521
1722669250.0906527
1722669250.103764
1722669250.1206977
1722669250.140688
1722669250.159143
1722669250.1693442
1722669250.1893
1722669250.2037277
1722669250.2189157
1722669250.240136
1722669250.2560556
1722669250.2764337
1722669250.2919037
1722669250.309143
1722669250.3263843
1722669250.3380122
1722669250.3599799
1722669250.374083
1722669250.3923638
1722669250.4097998
1722669250.424939
1722669250.444028
1722669250.4560242
1722669250.4758954
1722669250.4926603
1722669250.5046952
1722669250.5245366
1722669250.5384471
1722669250.5556538
1722669250.5773027
1722669250.5887167
1722669250.6106453
1722669250.6223724
1722669250.642161
1722669250.6585877
1722669250.674899
1722669250.692874
1722669250.7046041
1722669250.7265859
1722669250.7392116
1722669250.7548351
1722669250.788686
1722669250.7904432
1722669250.804538
1722669250.82426
1722669250.8360665
1722669250.8566341
1722669250.8688598
1722669250.8857899
1722669250.9025664
1722669250.9204216
@@EndFile@@
