2024-08-14 19:41:19
../stream-replay/logs/rtt-6205@128.txt
1 0.038219 1 
2 0.022154 1 
3 0.026186 1 
4 0.019322 1 
5 0.011346 1 
6 0.011938 1 
7 0.013517 1 
8 0.009275 1 
9 0.027926 1 
10 0.027662 1 
11 0.017551 1 
12 0.017140 1 
13 0.010174 1 
14 0.015838 1 
15 0.012775 1 
16 0.016680 1 
17 0.011298 1 
18 0.011436 1 
19 0.013576 1 
20 0.013024 1 
21 0.008470 1 
22 0.024708 1 
23 0.010752 1 
24 0.017346 1 
25 0.039523 1 
26 0.066060 1 
27 0.050049 1 
28 0.034472 1 
30 0.008938 1 
31 0.008826 1 
32 0.019864 1 
33 0.010720 1 
34 0.027224 1 
35 0.012580 1 
36 0.066764 1 
37 0.050274 1 
38 0.049339 1 
39 0.032782 1 
40 0.035082 1 
41 0.022751 1 
42 0.012189 1 
43 0.013227 1 
44 0.013917 1 
45 0.016647 1 
46 0.016659 1 
47 0.017574 1 
48 0.011538 1 
49 0.016567 1 
50 0.013056 1 
51 0.012416 1 
52 0.019713 1 
53 0.020925 1 
54 0.014522 1 
55 0.014094 1 
56 0.014266 1 
57 0.015108 1 
58 0.018301 1 
59 0.021160 1 
60 0.015034 1 
61 0.017109 1 
62 0.012534 1 
63 0.016662 1 
64 0.024142 1 
65 0.027774 1 
66 0.010837 1 
67 0.018276 1 
68 0.014205 1 
69 0.017392 1 
70 0.017935 1 
71 0.018028 1 
72 0.013539 1 
73 0.010862 1 
74 0.014271 1 
75 0.011245 1 
76 0.011120 1 
77 0.016055 1 
78 0.013692 1 
79 0.011852 1 
80 0.012134 1 
81 0.022395 1 
82 0.011707 1 
83 0.016111 1 
84 0.017319 1 
85 0.015689 1 
86 0.014871 1 
87 0.021303 1 
88 0.012098 1 
89 0.024910 1 
90 0.014815 1 
91 0.010189 1 
92 0.013481 1 
93 0.020435 1 
94 0.013916 1 
95 0.016979 1 
96 0.017171 1 
97 0.012895 1 
98 0.012004 1 
99 0.010727 1 
100 0.014879 1 
101 0.027112 1 
102 0.010055 1 
103 0.022193 1 
104 0.010919 1 
105 0.017092 1 
106 0.016160 1 
107 0.014608 1 
108 0.014547 1 
109 0.014475 1 
110 0.012795 1 
111 0.018915 1 
112 0.011840 1 
113 0.015625 1 
114 0.013385 1 
115 0.011728 1 
116 0.013348 1 
117 0.011730 1 
118 0.013762 1 
119 0.017354 1 
120 0.015493 1 
121 0.013282 1 
122 0.014917 1 
123 0.012828 1 
124 0.011712 1 
125 0.016783 1 
126 0.021780 1 
127 0.012335 1 
128 0.019216 1 
129 0.017067 1 
130 0.015222 1 
131 0.010331 1 
132 0.019522 1 
133 0.012615 1 
134 0.018651 1 
135 0.013123 1 
136 0.015951 1 
137 0.010131 1 
138 0.025974 1 
139 0.011618 1 
140 0.023107 1 
141 0.017449 1 
142 0.018290 1 
143 0.019245 1 
144 0.026541 1 
145 0.015827 1 
146 0.026230 1 
147 0.019415 1 
148 0.019341 1 
149 0.011924 1 
150 0.027329 1 
151 0.015435 1 
152 0.010191 1 
153 0.009701 1 
154 0.026232 1 
155 0.011157 1 
156 0.033611 1 
157 0.022950 1 
158 0.011778 1 
159 0.020221 1 
160 0.025899 1 
161 0.015191 1 
162 0.017000 1 
163 0.024139 1 
164 0.014696 1 
165 0.023171 1 
166 0.022132 1 
167 0.016951 1 
168 0.018603 1 
169 0.021785 1 
170 0.014701 1 
171 0.019157 1 
172 0.027038 1 
173 0.015342 1 
174 0.016420 1 
175 0.019549 1 
176 0.015465 1 
177 0.022616 1 
178 0.017270 1 
179 0.017259 1 
180 0.023349 1 
181 0.023750 1 
182 0.015677 1 
183 0.022056 1 
184 0.015805 1 
185 0.015697 1 
186 0.012963 1 
187 0.024987 1 
188 0.011598 1 
189 0.018833 1 
190 0.007756 1 
191 0.018025 1 
192 0.012979 1 
193 0.023192 1 
194 0.015159 1 
195 0.023120 1 
196 0.015843 1 
197 0.015651 1 
198 0.014660 1 
199 0.015948 1 
200 0.017591 1 
201 0.010807 1 
202 0.015256 1 
203 0.020921 1 
204 0.010595 1 
205 0.048206 1 
206 0.049639 1 
207 0.040997 1 
208 0.025017 1 
209 0.025301 1 
210 0.013112 1 
211 0.014395 1 
212 0.054157 1 
213 0.038079 1 
214 0.021787 1 
215 0.010575 1 
216 0.012679 1 
217 0.018535 1 
218 0.020517 1 
219 0.011782 1 
220 0.018250 1 
221 0.014359 1 
222 0.016157 1 
223 0.048463 1 
224 0.031689 1 
225 0.017660 1 
226 0.016089 1 
227 0.009462 1 
228 0.019350 1 
229 0.013415 1 
230 0.024664 1 
231 0.021205 1 
232 0.012769 1 
233 0.011347 1 
234 0.012853 1 
235 0.010740 1 
236 0.030107 1 
237 0.016620 1 
238 0.012769 1 
239 0.013546 1 
240 0.037890 1 
241 0.029012 1 
242 0.025181 1 
243 0.019305 1 
244 0.012249 1 
245 0.026076 1 
246 0.049092 1 
247 0.034963 1 
248 0.030245 1 
249 0.016939 1 
250 0.009410 1 
251 0.014386 1 
252 0.012224 1 
253 0.039277 1 
254 0.021886 1 
255 0.018471 1 
256 0.011302 1 
257 0.013148 1 
258 0.012342 1 
259 0.040942 1 
260 0.024139 1 
261 0.020966 1 
262 0.011190 1 
263 0.018351 1 
264 0.010084 1 
265 0.037399 1 
266 0.021081 1 
267 0.024660 1 
268 0.012277 1 
269 0.009959 1 
270 0.012031 1 
271 0.046890 1 
272 0.046355 1 
273 0.032872 1 
274 0.016425 1 
275 0.012480 1 
276 0.013507 1 
277 0.018495 1 
278 0.013981 1 
279 0.017730 1 
280 0.013354 1 
281 0.012626 1 
282 0.013669 1 
283 0.008793 1 
284 0.011406 1 
285 0.023602 1 
286 0.016281 1 
287 0.015311 1 
288 0.015811 1 
289 0.023888 1 
290 0.010942 1 
291 0.013911 1 
292 0.018869 1 
293 0.011719 1 
294 0.014297 1 
295 0.012807 1 
296 0.016899 1 
297 0.016297 1 
298 0.019021 1 
299 0.011753 1 
300 0.085780 1 
301 0.069277 1 
302 0.052861 1 
303 0.042269 1 
304 0.025282 1 
305 0.010905 1 
306 0.046315 1 
307 0.030132 1 
308 0.013886 1 
309 0.013170 1 
310 0.017169 1 
311 0.012603 1 
312 0.016469 1 
313 0.012930 1 
314 0.019177 1 
315 0.011503 1 
316 0.023066 1 
317 0.015015 1 
318 0.013869 1 
319 0.013371 1 
320 0.019025 1 
321 0.019205 1 
322 0.014846 1 
323 0.014585 1 
324 0.012703 1 
325 0.013470 1 
326 0.013132 1 
327 0.012432 1 
328 0.018489 1 
329 0.019125 1 
330 0.011668 1 
331 0.017821 1 
332 0.017834 1 
333 0.052604 1 
334 0.039772 1 
335 0.042858 1 
336 0.026735 1 
337 0.017353 1 
338 0.008781 1 
339 0.024336 1 
340 0.014448 1 
341 0.029876 1 
342 0.012841 1 
343 0.014547 1 
344 0.027988 1 
345 0.014562 1 
346 0.009476 1 
347 0.026476 1 
348 0.009419 1 
349 0.012053 1 
350 0.017609 1 
351 0.011551 1 
352 0.009924 1 
353 0.021484 1 
354 0.011383 1 
355 0.007220 1 
356 0.025017 1 
357 0.014482 1 
358 0.006503 1 
359 0.030333 1 
360 0.022544 1 
361 0.013989 1 
362 0.014849 1 
363 0.026159 1 
364 0.009376 1 
365 0.016431 1 
366 0.013292 1 
367 0.013573 1 
368 0.015119 1 
369 0.017926 1 
370 0.017274 1 
371 0.016690 1 
372 0.016428 1 
373 0.011449 1 
374 0.012671 1 
375 0.015234 1 
376 0.013468 1 
377 0.018760 1 
378 0.018183 1 
379 0.012660 1 
380 0.012611 1 
381 0.023293 1 
382 0.015614 1 
383 0.014126 1 
384 0.018728 1 
385 0.011115 1 
386 0.015500 1 
387 0.016686 1 
388 0.014419 1 
389 0.018468 1 
390 0.022959 1 
391 0.009557 1 
392 0.018218 1 
393 0.011310 1 
394 0.015742 1 
395 0.013314 1 
396 0.010804 1 
397 0.012851 1 
398 0.016656 1 
399 0.009264 1 
400 0.015665 1 
401 0.015442 1 
402 0.023643 1 
403 0.013698 1 
404 0.014078 1 
405 0.014611 1 
406 0.012277 1 
407 0.013170 1 
408 0.023237 1 
409 0.013595 1 
410 0.008352 1 
411 0.013504 1 
412 0.010402 1 
413 0.016115 1 
414 0.014219 1 
415 0.017926 1 
416 0.011967 1 
417 0.013298 1 
418 0.010337 1 
419 0.013306 1 
420 0.018386 1 
421 0.022533 1 
422 0.010867 1 
423 0.012686 1 
424 0.012851 1 
425 0.015010 1 
426 0.021328 1 
427 0.019586 1 
428 0.012677 1 
429 0.015772 1 
430 0.011868 1 
431 0.016055 1 
432 0.023484 1 
433 0.018340 1 
434 0.014597 1 
435 0.022660 1 
436 0.011825 1 
437 0.019538 1 
438 0.019584 1 
439 0.022699 1 
440 0.012111 1 
441 0.019713 1 
442 0.012116 1 
443 0.039779 1 
444 0.023434 1 
445 0.012744 1 
446 0.011980 1 
447 0.035636 1 
448 0.019292 1 
449 0.027041 1 
450 0.015934 1 
451 0.025047 1 
452 0.017291 1 
453 0.013218 1 
454 0.013150 1 
455 0.014515 1 
456 0.019796 1 
457 0.017299 1 
458 0.014971 1 
459 0.013355 1 
460 0.014515 1 
461 0.011846 1 
462 0.011877 1 
463 0.019133 1 
464 0.018727 1 
465 0.012442 1 
466 0.017251 1 
467 0.012736 1 
468 0.015077 1 
469 0.015739 1 
470 0.024551 1 
471 0.013103 1 
472 0.020128 1 
473 0.012658 1 
474 0.016320 1 
475 0.018972 1 
476 0.020031 1 
477 0.012657 1 
478 0.019327 1 
479 0.011929 1 
480 0.016739 1 
481 0.022006 1 
482 0.018302 1 
483 0.013510 1 
484 0.011965 1 
485 0.013264 1 
486 0.020307 1 
487 0.011886 1 
488 0.014424 1 
489 0.013663 1 
490 0.010709 1 
491 0.012653 1 
492 0.018434 1 
493 0.011344 1 
494 0.017090 1 
495 0.015210 1 
496 0.011946 1 
497 0.015111 1 
498 0.011343 1 
499 0.012338 1 
500 0.022979 1 
501 0.019219 1 
502 0.012432 1 
503 0.017288 1 
504 0.012726 1 
505 0.013163 1 
506 0.018076 1 
507 0.020640 1 
508 0.014347 1 
509 0.017834 1 
510 0.011569 1 
511 0.011753 1 
512 0.015839 1 
513 0.017929 1 
514 0.012686 1 
515 0.018767 1 
516 0.013826 1 
517 0.019000 1 
518 0.017110 1 
519 0.018110 1 
520 0.009895 1 
521 0.013818 1 
522 0.011796 1 
523 0.015736 1 
524 0.017916 1 
525 0.020559 1 
526 0.012137 1 
527 0.016603 1 
528 0.009154 1 
529 0.018544 1 
530 0.016285 1 
531 0.016354 1 
532 0.014872 1 
533 0.016664 1 
534 0.012332 1 
535 0.026097 1 
536 0.016093 1 
537 0.027326 1 
538 0.017354 1 
539 0.016614 1 
540 0.014367 1 
541 0.020428 1 
542 0.013301 1 
543 0.031099 1 
544 0.018862 1 
545 0.015851 1 
546 0.019084 1 
547 0.019874 1 
548 0.043238 1 
549 0.030856 1 
550 0.014596 1 
551 0.025798 1 
552 0.018699 1 
553 0.022484 1 
554 0.019022 1 
555 0.029950 1 
556 0.021056 1 
557 0.012945 1 
558 0.014149 1 
559 0.013319 1 
560 0.012884 1 
561 0.016866 1 
562 0.016497 1 
563 0.010744 1 
564 0.015345 1 
565 0.009911 1 
566 0.014898 1 
567 0.016674 1 
568 0.019413 1 
569 0.009767 1 
570 0.019798 1 
571 0.014144 1 
572 0.018128 1 
573 0.012087 1 
574 0.020677 1 
575 0.010181 1 
576 0.017204 1 
577 0.014645 1 
578 0.019977 1 
579 0.013336 1 
580 0.029627 1 
581 0.013173 1 
582 0.013404 1 
583 0.015118 1 
584 0.017017 1 
585 0.014726 1 
586 0.014988 1 
587 0.014026 1 
588 0.010890 1 
589 0.012325 1 
590 0.011828 1 
591 0.011232 1 
592 0.018539 1 
593 0.017648 1 
594 0.048253 1 
595 0.031008 1 
596 0.046698 1 
597 0.030261 1 
598 0.030298 1 
599 0.022698 1 
600 0.012367 1 
601 0.014947 1 
602 0.013213 1 
603 0.012568 1 
604 0.045057 1 
605 0.030828 1 
606 0.021235 1 
607 0.021614 1 
608 0.011090 1 
609 0.017561 1 
610 0.017489 1 
611 0.029850 1 
612 0.013809 1 
613 0.015804 1 
614 0.014098 1 
615 0.014109 1 
616 0.019978 1 
617 0.025929 1 
618 0.016646 1 
619 0.011930 1 
620 0.013868 1 
621 0.015670 1 
622 0.024401 1 
623 0.013447 1 
624 0.011659 1 
625 0.011455 1 
626 0.013757 1 
627 0.015364 1 
628 0.011698 1 
629 0.016584 1 
630 0.019572 1 
631 0.011526 1 
632 0.014129 1 
633 0.011936 1 
634 0.013129 1 
635 0.017904 1 
636 0.018358 1 
637 0.011010 1 
638 0.017518 1 
639 0.013350 1 
640 0.024877 1 
641 0.025662 1 
642 0.012543 1 
643 0.010675 1 
644 0.013173 1 
645 0.012461 1 
646 0.016971 1 
647 0.027912 1 
648 0.018142 1 
649 0.012388 1 
650 0.014349 1 
651 0.013371 1 
652 0.010751 1 
653 0.019841 1 
654 0.016421 1 
655 0.012799 1 
656 0.016429 1 
657 0.014023 1 
658 0.017299 1 
659 0.017276 1 
660 0.024953 1 
661 0.013561 1 
662 0.016347 1 
663 0.016837 1 
664 0.015212 1 
665 0.017442 1 
666 0.017881 1 
667 0.011776 1 
668 0.018042 1 
669 0.011826 1 
670 0.016967 1 
671 0.015549 1 
672 0.020896 1 
673 0.013495 1 
674 0.010873 1 
675 0.024320 1 
676 0.021144 1 
677 0.014512 1 
678 0.020531 1 
679 0.013333 1 
680 0.019152 1 
681 0.012815 1 
682 0.024450 1 
683 0.015398 1 
684 0.022225 1 
685 0.013612 1 
686 0.012470 1 
687 0.011928 1 
688 0.013085 1 
689 0.011713 1 
690 0.017017 1 
691 0.015813 1 
692 0.012212 1 
693 0.013573 1 
694 0.023463 1 
695 0.016782 1 
696 0.018890 1 
697 0.017753 1 
698 0.011376 1 
699 0.018503 1 
700 0.013339 1 
701 0.014751 1 
702 0.015624 1 
703 0.017241 1 
704 0.012028 1 
705 0.016593 1 
706 0.012531 1 
707 0.014481 1 
708 0.021889 1 
709 0.016932 1 
710 0.012246 1 
711 0.015503 1 
712 0.010160 1 
713 0.016694 1 
714 0.021976 1 
715 0.023661 1 
716 0.008167 1 
717 0.013801 1 
718 0.010937 1 
719 0.018444 1 
720 0.028491 1 
721 0.022504 1 
722 0.015598 1 
723 0.015707 1 
724 0.013511 1 
725 0.020735 1 
726 0.018740 1 
727 0.024050 1 
728 0.014182 1 
729 0.013679 1 
730 0.015042 1 
731 0.023009 1 
732 0.027713 1 
733 0.016030 1 
734 0.013129 1 
735 0.013813 1 
736 0.015736 1 
737 0.012733 1 
738 0.015343 1 
739 0.018898 1 
740 0.017589 1 
741 0.012978 1 
742 0.016231 1 
743 0.018388 1 
744 0.020882 1 
745 0.022883 1 
746 0.024473 1 
747 0.014791 1 
748 0.024284 1 
749 0.014642 1 
750 0.016290 1 
751 0.019027 1 
752 0.018071 1 
753 0.009422 1 
754 0.019017 1 
755 0.013073 1 
756 0.019606 1 
757 0.015211 1 
758 0.021326 1 
759 0.012167 1 
760 0.017245 1 
761 0.015011 1 
762 0.017330 1 
763 0.021166 1 
764 0.021014 1 
765 0.014431 1 
766 0.014681 1 
767 0.016391 1 
768 0.014257 1 
769 0.055138 1 
770 0.038706 1 
771 0.022421 1 
772 0.014465 1 
773 0.018488 1 
774 0.012682 1 
775 0.017682 1 
776 0.020418 1 
777 0.023682 1 
778 0.012289 1 
779 0.017937 1 
780 0.012660 1 
781 0.015470 1 
782 0.012699 1 
783 0.022570 1 
784 0.012581 1 
785 0.015166 1 
786 0.012257 1 
787 0.019829 1 
788 0.015838 1 
789 0.018557 1 
790 0.010611 1 
791 0.010994 1 
792 0.010605 1 
793 0.016706 1 
794 0.014087 1 
795 0.015272 1 
796 0.015155 1 
797 0.012680 1 
798 0.010917 1 
799 0.010746 1 
800 0.013294 1 
801 0.016141 1 
802 0.016529 1 
803 0.013803 1 
804 0.017937 1 
805 0.011779 1 
806 0.047507 1 
807 0.054076 1 
808 0.037692 1 
809 0.033237 1 
810 0.026131 1 
811 0.013429 1 
812 0.027322 1 
813 0.039124 1 
814 0.048700 1 
815 0.032593 1 
816 0.016368 1 
817 0.013162 1 
818 0.016404 1 
819 0.010386 1 
820 0.021013 1 
821 0.011507 1 
822 0.010504 1 
823 0.012318 1 
824 0.016290 1 
825 0.027546 1 
826 0.024138 1 
827 0.013528 1 
828 0.016455 1 
829 0.010117 1 
830 0.018004 1 
831 0.012115 1 
832 0.026083 1 
833 0.014109 1 
834 0.011801 1 
835 0.012759 1 
836 0.015715 1 
837 0.010848 1 
838 0.014299 1 
839 0.014151 1 
840 0.007833 1 
841 0.014999 1 
842 0.010250 1 
843 0.010589 1 
844 0.019406 1 
845 0.017507 1 
846 0.013820 1 
847 0.013913 1 
848 0.008815 1 
849 0.013526 1 
850 0.017683 1 
851 0.016670 1 
852 0.011715 1 
853 0.015977 1 
854 0.013710 1 
855 0.017521 1 
856 0.019775 1 
857 0.020349 1 
858 0.013227 1 
859 0.016474 1 
860 0.008138 1 
861 0.034383 1 
862 0.023714 1 
863 0.030424 1 
864 0.017380 1 
865 0.024462 1 
866 0.014058 1 
867 0.022408 1 
868 0.012606 1 
869 0.020688 1 
870 0.017031 1 
871 0.021815 1 
872 0.014413 1 
873 0.022679 1 
874 0.016587 1 
875 0.020234 1 
876 0.016927 1 
877 0.013264 1 
878 0.015112 1 
879 0.013527 1 
880 0.017226 1 
881 0.020931 1 
882 0.014648 1 
883 0.012295 1 
884 0.015280 1 
885 0.014505 1 
886 0.015566 1 
887 0.010850 1 
888 0.020494 1 
889 0.013718 1 
890 0.014838 1 
891 0.012193 1 
892 0.021754 1 
893 0.015027 1 
894 0.023825 1 
895 0.013688 1 
896 0.019346 1 
897 0.011206 1 
898 0.011066 1 
899 0.015074 1 
900 0.015281 1 
901 0.014099 1 
902 0.014789 1 
903 0.014630 1 
904 0.015566 1 
905 0.013635 1 
906 0.025179 1 
907 0.013367 1 
908 0.010588 1 
909 0.013237 1 
910 0.014633 1 
911 0.039135 1 
912 0.022867 1 
913 0.022691 1 
914 0.010801 1 
915 0.016905 1 
916 0.014793 1 
917 0.014588 1 
918 0.018136 1 
919 0.027498 1 
920 0.011125 1 
921 0.010233 1 
922 0.009176 1 
923 0.017404 1 
924 0.013477 1 
925 0.014302 1 
926 0.015373 1 
927 0.011449 1 
928 0.015900 1 
929 0.023614 1 
930 0.013579 1 
931 0.019474 1 
932 0.029119 1 
933 0.033585 1 
934 0.018171 1 
935 0.041208 1 
936 0.035598 1 
937 0.019587 1 
938 0.028428 1 
939 0.012946 1 
940 0.016383 1 
941 0.014458 1 
942 0.018327 1 
943 0.016268 1 
944 0.020128 1 
945 0.012072 1 
946 0.029488 1 
947 0.013120 1 
948 0.019397 1 
949 0.013481 1 
950 0.022101 1 
951 0.011158 1 
952 0.011036 1 
953 0.013287 1 
954 0.021460 1 
955 0.018384 1 
956 0.025769 1 
957 0.016583 1 
958 0.015592 1 
959 0.025530 1 
960 0.013630 1 
961 0.015980 1 
962 0.021187 1 
963 0.017395 1 
964 0.011330 1 
965 0.015376 1 
966 0.014762 1 
967 0.013719 1 
968 0.016177 1 
969 0.022214 1 
970 0.011910 1 
971 0.019368 1 
972 0.012528 1 
973 0.015606 1 
974 0.019319 1 
975 0.019588 1 
976 0.013588 1 
977 0.019197 1 
978 0.012145 1 
979 0.020077 1 
980 0.020654 1 
981 0.024192 1 
982 0.020469 1 
983 0.050779 1 
984 0.034571 1 
985 0.025526 1 
986 0.023790 1 
987 0.021975 1 
988 0.016744 1 
989 0.016873 1 
990 0.012609 1 
991 0.013334 1 
992 0.010323 1 
993 0.018785 1 
994 0.021008 1 
995 0.016013 1 
996 0.027158 1 
997 0.011339 1 
998 0.015702 1 
999 0.023993 1 
1000 0.016785 1 
1001 0.011831 1 
1002 0.017658 1 
1003 0.011931 1 
1004 0.018050 1 
1005 0.011675 1 
1006 0.023463 1 
1007 0.013608 1 
1008 0.017710 1 
1009 0.014949 1 
1010 0.019662 1 
1011 0.012184 1 
1012 0.014231 1 
1013 0.013225 1 
1014 0.011166 1 
1015 0.012997 1 
1016 0.013940 1 
1017 0.014508 1 
1018 0.016778 1 
1019 0.015273 1 
1020 0.011666 1 
1021 0.019114 1 
1022 0.014585 1 
1023 0.011374 1 
1024 0.012546 1 
1025 0.014462 1 
1026 0.010275 1 
1027 0.014616 1 
1028 0.013254 1 
1029 0.014362 1 
1030 0.016245 1 
1031 0.022055 1 
1032 0.013410 1 
1033 0.017628 1 
1034 0.014826 1 
1035 0.017569 1 
1036 0.013322 1 
1037 0.026361 1 
1038 0.012573 1 
1039 0.015708 1 
1040 0.013104 1 
1041 0.026203 1 
1042 0.022994 1 
1043 0.031000 1 
1044 0.028440 1 
1045 0.032196 1 
1046 0.015911 1 
1047 0.019742 1 
1048 0.013921 1 
1049 0.017089 1 
1050 0.026279 1 
1051 0.018861 1 
1052 0.015334 1 
1053 0.023458 1 
1054 0.015696 1 
1055 0.015457 1 
1056 0.015676 1 
1057 0.009611 1 
1058 0.026746 1 
1059 0.012477 1 
1060 0.021053 1 
1061 0.020001 1 
1062 0.018970 1 
1063 0.016133 1 
1064 0.025425 1 
1065 0.015273 1 
1066 0.017239 1 
1067 0.014572 1 
1068 0.018253 1 
1069 0.012563 1 
1070 0.027930 1 
1071 0.024827 1 
1072 0.020572 1 
1073 0.044447 1 
1074 0.028045 1 
1075 0.017223 1 
1076 0.010860 1 
1077 0.028079 1 
1078 0.011779 1 
1079 0.020224 1 
1080 0.019936 1 
1081 0.016592 1 
1082 0.011666 1 
1083 0.014874 1 
1084 0.012624 1 
1085 0.015499 1 
1086 0.016268 1 
1087 0.016920 1 
1088 0.012966 1 
1089 0.019193 1 
1090 0.011263 1 
1091 0.015935 1 
1092 0.018979 1 
1093 0.018022 1 
1094 0.012265 1 
1095 0.009096 1 
1096 0.011967 1 
1097 0.018628 1 
1098 0.013411 1 
1099 0.022382 1 
1100 0.013469 1 
1101 0.011681 1 
1102 0.012295 1 
1103 0.018312 1 
1104 0.026257 1 
1105 0.016459 1 
1106 0.017709 1 
1107 0.011549 1 
1108 0.013050 1 
1109 0.021354 1 
1110 0.014322 1 
1111 0.019811 1 
1112 0.017286 1 
1113 0.014264 1 
1114 0.016814 1 
1115 0.013254 1 
1116 0.015806 1 
1117 0.012346 1 
1118 0.015910 1 
1119 0.014655 1 
1120 0.016922 1 
1121 0.010545 1 
1122 0.013450 1 
1123 0.016101 1 
1124 0.024055 1 
1125 0.017871 1 
1126 0.041510 1 
1127 0.023492 1 
1128 0.027441 1 
1129 0.011298 1 
1130 0.022902 1 
1131 0.012640 1 
1132 0.012596 1 
1133 0.013291 1 
1134 0.017093 1 
1135 0.011268 1 
1136 0.014969 1 
1137 0.013872 1 
1138 0.012398 1 
1139 0.013847 1 
1140 0.011717 1 
1141 0.019018 1 
1142 0.014163 1 
1143 0.017732 1 
1144 0.018333 1 
1145 0.017366 1 
1146 0.012160 1 
1147 0.015791 1 
1148 0.016232 1 
1149 0.022585 1 
1150 0.014951 1 
1151 0.019971 1 
1152 0.012702 1 
1153 0.019003 1 
1154 0.013793 1 
1155 0.020242 1 
1156 0.011404 1 
1157 0.008741 1 
1158 0.010707 1 
1159 0.019226 1 
1160 0.014066 1 
1161 0.026249 1 
1162 0.014762 1 
1163 0.010927 1 
1164 0.011146 1 
1165 0.013259 1 
1166 0.014194 1 
1167 0.017480 1 
1168 0.018157 1 
1169 0.012507 1 
1170 0.012050 1 
1171 0.008039 1 
1172 0.014930 1 
1173 0.015980 1 
1174 0.022387 1 
1175 0.014694 1 
1176 0.017691 1 
1177 0.014687 1 
1178 0.034847 1 
1179 0.018629 1 
1180 0.018160 1 
1181 0.013066 1 
1182 0.016078 1 
1183 0.013782 1 
1184 0.046929 1 
1185 0.033154 1 
1186 0.016752 1 
1187 0.013037 1 
1188 0.010589 1 
1189 0.011594 1 
1190 0.043056 1 
1191 0.033601 1 
1192 0.017136 1 
1193 0.016322 1 
1194 0.018314 1 
1195 0.062667 1 
1196 0.065333 1 
1197 0.047982 1 
1198 0.032158 1 
1199 0.029231 1 
1200 0.020752 1 
1201 0.016824 1 
1202 0.012443 1 
1203 0.062479 1 
1204 0.046286 1 
1205 0.029994 1 
1206 0.014165 1 
1207 0.017416 1 
1208 0.014330 1 
1209 0.042466 1 
1210 0.028513 1 
1211 0.020501 1 
1212 0.012069 1 
1213 0.017514 1 
1214 0.013118 1 
1215 0.024095 1 
1216 0.013628 1 
1217 0.014109 1 
1218 0.012989 1 
1219 0.013635 1 
1220 0.017322 1 
1221 0.019368 1 
1222 0.020626 1 
1223 0.015564 1 
1224 0.017354 1 
1225 0.011011 1 
1226 0.144066 1 
1227 0.128210 1 
1228 0.111783 1 
1229 0.095482 1 
1230 0.074884 1 
1231 0.055661 1 
1232 0.039103 1 
1233 0.025854 1 
1234 0.009612 1 
1235 0.016251 1 
1236 0.017349 1 
1237 0.012210 1 
1238 0.019603 1 
1239 0.012822 1 
1240 0.033001 1 
1241 0.021229 1 
1242 0.016088 1 
1243 0.030538 1 
1244 0.016795 1 
1245 0.015431 1 
1246 0.016888 1 
1247 0.017905 1 
1248 0.017793 1 
1249 0.011750 1 
1250 0.015829 1 
1251 0.016527 1 
1252 0.018098 1 
1253 0.022656 1 
1254 0.027131 1 
1255 0.010860 1 
1256 0.020470 1 
1257 0.021444 1 
1258 0.021230 1 
1259 0.012385 1 
1260 0.022852 1 
1261 0.014993 1 
1262 0.013165 1 
1263 0.011733 1 
1264 0.019120 1 
1265 0.013562 1 
1266 0.028533 1 
1267 0.023421 1 
1268 0.016201 1 
1269 0.014207 1 
1270 0.023740 1 
1271 0.016104 1 
1272 0.043373 1 
1273 0.026973 1 
1274 0.018370 1 
1275 0.018027 1 
1276 0.018868 1 
1277 0.017143 1 
1278 0.025817 1 
1279 0.017816 1 
1280 0.011096 1 
1281 0.018625 1 
1282 0.012348 1 
1283 0.025935 1 
1284 0.017411 1 
1285 0.021419 1 
1286 0.014393 1 
1287 0.011183 1 
1288 0.010932 1 
1289 0.018523 1 
1290 0.013376 1 
1291 0.021713 1 
1292 0.014597 1 
1293 0.012313 1 
1294 0.017659 1 
1295 0.020805 1 
1296 0.016280 1 
1297 0.022034 1 
1298 0.016540 1 
1299 0.012589 1 
1300 0.020136 1 
1301 0.012815 1 
1302 0.016803 1 
1303 0.014499 1 
1304 0.017981 1 
1305 0.013576 1 
1306 0.018580 1 
1307 0.014090 1 
1308 0.013357 1 
1309 0.014860 1 
1310 0.016659 1 
1311 0.015441 1 
1312 0.019075 1 
1313 0.013072 1 
1314 0.017900 1 
1315 0.013217 1 
1316 0.020869 1 
1317 0.012451 1 
1318 0.016664 1 
1319 0.013041 1 
1320 0.014989 1 
1321 0.014354 1 
1322 0.024104 1 
1323 0.012551 1 
1324 0.013751 1 
1325 0.010948 1 
1326 0.012014 1 
1327 0.015374 1 
1328 0.016320 1 
1329 0.014978 1 
1330 0.012537 1 
1331 0.021638 1 
1332 0.021167 1 
1333 0.010502 1 
1334 0.013315 1 
1335 0.017642 1 
1336 0.010977 1 
1337 0.017768 1 
1338 0.017392 1 
1339 0.015675 1 
1340 0.015446 1 
1341 0.025030 1 
1342 0.012590 1 
1343 0.017681 1 
1344 0.011220 1 
1345 0.019532 1 
1346 0.014149 1 
1347 0.020989 1 
1348 0.013261 1 
1349 0.011365 1 
1350 0.017853 1 
1351 0.016844 1 
1352 0.014471 1 
1353 0.015919 1 
1354 0.012483 1 
1355 0.010746 1 
1356 0.016432 1 
1357 0.020375 1 
1358 0.012168 1 
1359 0.016869 1 
1360 0.017375 1 
1361 0.013013 1 
1362 0.019341 1 
1363 0.012153 1 
1364 0.014287 1 
1365 0.016270 1 
1366 0.019997 1 
1367 0.011457 1 
1368 0.016176 1 
1369 0.011769 1 
1370 0.015476 1 
1371 0.015736 1 
1372 0.019605 1 
1373 0.015184 1 
1374 0.022094 1 
1375 0.018848 1 
1376 0.018941 1 
1377 0.015655 1 
1378 0.023685 1 
1379 0.012406 1 
1380 0.012803 1 
1381 0.013532 1 
1382 0.018173 1 
1383 0.016731 1 
1384 0.013948 1 
1385 0.015178 1 
1386 0.012822 1 
1387 0.018710 1 
1388 0.013457 1 
1389 0.012207 1 
1390 0.018198 1 
1391 0.018672 1 
1392 0.013510 1 
1393 0.014475 1 
1394 0.011654 1 
1395 0.012087 1 
1396 0.013004 1 
1397 0.020439 1 
1398 0.014797 1 
1399 0.021501 1 
1400 0.014584 1 
1401 0.015423 1 
1402 0.015973 1 
1403 0.016966 1 
1404 0.011353 1 
1405 0.015941 1 
1406 0.010400 1 
1407 0.019762 1 
1408 0.014044 1 
1409 0.012624 1 
1410 0.012341 1 
1411 0.011876 1 
1412 0.024290 1 
1413 0.041987 1 
1414 0.025826 1 
1415 0.015424 1 
1416 0.011902 1 
1417 0.008681 1 
1418 0.024227 1 
1419 0.041141 1 
1420 0.025162 1 
1421 0.014512 1 
1422 0.017477 1 
1423 0.011939 1 
1424 0.025105 1 
1425 0.010487 1 
1426 0.017933 1 
1427 0.016868 1 
1428 0.021742 1 
1429 0.028520 1 
1430 0.045676 1 
1431 0.029337 1 
1432 0.035621 1 
1433 0.029309 1 
1434 0.021540 1 
1435 0.012089 1 
1436 0.009432 1 
1437 0.009736 1 
1438 0.008704 1 
1439 0.014213 1 
1440 0.014217 1 
1441 0.013527 1 
1442 0.013367 1 
1443 0.020252 1 
1444 0.011721 1 
1445 0.011746 1 
1446 0.013054 1 
1447 0.016882 1 
1448 0.012606 1 
1449 0.013717 1 
1450 0.013748 1 
1451 0.013125 1 
1452 0.014881 1 
1453 0.018233 1 
1454 0.015476 1 
1455 0.025909 1 
1456 0.022031 1 
1457 0.016379 1 
1458 0.010955 1 
1459 0.027963 1 
1460 0.016333 1 
1461 0.014122 1 
1462 0.014230 1 
1463 0.014627 1 
1464 0.015670 1 
1465 0.030989 1 
1466 0.017959 1 
1467 0.029691 1 
1468 0.013639 1 
1469 0.008967 1 
1470 0.015665 1 
1471 0.031603 1 
1472 0.013312 1 
1473 0.015900 1 
1474 0.011047 1 
1475 0.014344 1 
1476 0.011428 1 
1477 0.015815 1 
1478 0.015438 1 
1479 0.020854 1 
1480 0.014110 1 
1481 0.018239 1 
1482 0.015269 1 
1483 0.016252 1 
1484 0.013916 1 
1485 0.010516 1 
1486 0.015171 1 
1487 0.012002 1 
1488 0.017145 1 
1489 0.012477 1 
1490 0.018540 1 
1491 0.012781 1 
1492 0.015555 1 
1493 0.014245 1 
1494 0.016570 1 
1495 0.014941 1 
1496 0.018650 1 
1497 0.011918 1 
1498 0.017974 1 
1499 0.011345 1 
1500 0.019632 1 
1501 0.014597 1 
1502 0.022034 1 
1503 0.013221 1 
1504 0.020296 1 
1505 0.010736 1 
1506 0.009147 1 
1507 0.010730 1 
1508 0.014725 1 
1509 0.013441 1 
1510 0.012790 1 
1511 0.014192 1 
1512 0.012180 1 
1513 0.015351 1 
1514 0.019051 1 
1515 0.017839 1 
1516 0.012650 1 
1517 0.018959 1 
1518 0.013262 1 
1519 0.018349 1 
1520 0.015999 1 
1521 0.017453 1 
1522 0.014879 1 
1523 0.014561 1 
1524 0.011342 1 
1525 0.017379 1 
1526 0.016781 1 
1527 0.018785 1 
1528 0.012899 1 
1529 0.018186 1 
1530 0.013125 1 
1531 0.017115 1 
1532 0.014270 1 
1533 0.016941 1 
1534 0.015313 1 
1535 0.011133 1 
1536 0.014628 1 
1537 0.024920 1 
1538 0.013182 1 
1539 0.019959 1 
1540 0.012833 1 
1541 0.012042 1 
1542 0.011540 1 
1543 0.011113 1 
1544 0.014495 1 
1545 0.017510 1 
1546 0.017523 1 
1547 0.012670 1 
1548 0.014772 1 
1549 0.012025 1 
1550 0.013863 1 
1551 0.015584 1 
1552 0.015538 1 
1553 0.008976 1 
1554 0.014371 1 
1555 0.012124 1 
1556 0.017594 1 
1557 0.011434 1 
1558 0.019804 1 
1559 0.013324 1 
1560 0.018789 1 
1561 0.010986 1 
1562 0.018809 1 
1563 0.014166 1 
1564 0.015010 1 
1565 0.013699 1 
1566 0.011170 1 
1567 0.011374 1 
1568 0.013196 1 
1569 0.018952 1 
1570 0.017422 1 
1571 0.014271 1 
1572 0.010660 1 
1573 0.011681 1 
1574 0.025226 1 
1575 0.012516 1 
1576 0.012944 1 
1577 0.017852 1 
1578 0.013049 1 
1579 0.013284 1 
1580 0.018718 1 
1581 0.017215 1 
1582 0.016309 1 
1583 0.022232 1 
1584 0.014468 1 
1585 0.016422 1 
1586 0.010802 1 
1587 0.017533 1 
1588 0.012510 1 
1589 0.015048 1 
1590 0.010362 1 
1591 0.014370 1 
1592 0.013278 1 
1593 0.014300 1 
1594 0.016318 1 
1595 0.021845 1 
1596 0.011229 1 
1597 0.011280 1 
1598 0.015015 1 
1599 0.012052 1 
1600 0.016079 1 
1601 0.016041 1 
1602 0.019037 1 
1603 0.012980 1 
1604 0.036055 1 
1605 0.019571 1 
1606 0.014554 1 
1607 0.017638 1 
1608 0.015988 1 
1609 0.008806 1 
1610 0.014642 1 
1611 0.008619 1 
1612 0.013067 1 
1613 0.016082 1 
1614 0.019029 1 
1615 0.012635 1 
1616 0.015692 1 
1617 0.010324 1 
1618 0.017168 1 
1619 0.016739 1 
1620 0.018828 1 
1621 0.012540 1 
1622 0.015101 1 
1623 0.011929 1 
1624 0.023517 1 
1625 0.014793 1 
1626 0.017293 1 
1627 0.013474 1 
1628 0.011809 1 
1629 0.011973 1 
1630 0.016510 1 
1631 0.013256 1 
1632 0.020364 1 
1633 0.012745 1 
1634 0.011924 1 
1635 0.016715 1 
1636 0.012914 1 
1637 0.013017 1 
1638 0.012435 1 
1639 0.016170 1 
1640 0.012850 1 
1641 0.016852 1 
1642 0.024189 1 
1643 0.019349 1 
1644 0.013487 1 
1645 0.015850 1 
1646 0.011232 1 
1647 0.017416 1 
1648 0.012750 1 
1649 0.017697 1 
1650 0.015286 1 
1651 0.021385 1 
1652 0.012305 1 
1653 0.027998 1 
1654 0.012141 1 
1655 0.018045 1 
1656 0.013952 1 
1657 0.025366 1 
1658 0.012349 1 
1659 0.019875 1 
1660 0.013146 1 
1661 0.013297 1 
1662 0.012609 1 
1663 0.017339 1 
1664 0.012419 1 
1665 0.021158 1 
1666 0.015611 1 
1667 0.021488 1 
1668 0.014175 1 
1669 0.013834 1 
1670 0.012892 1 
1671 0.014791 1 
1672 0.012925 1 
1673 0.011815 1 
1674 0.015140 1 
1675 0.017582 1 
1676 0.015810 1 
1677 0.015258 1 
1678 0.015510 1 
1679 0.011601 1 
1680 0.013881 1 
1681 0.013128 1 
1682 0.020258 1 
1683 0.012609 1 
1684 0.017215 1 
1685 0.012406 1 
1686 0.018263 1 
1687 0.011122 1 
1688 0.025744 1 
1689 0.013842 1 
1690 0.019040 1 
1691 0.012518 1 
1692 0.023035 1 
1693 0.019557 1 
1694 0.019403 1 
1695 0.016009 1 
1696 0.009859 1 
1697 0.012817 1 
1698 0.020512 1 
1699 0.014228 1 
1700 0.015422 1 
1701 0.014032 1 
1702 0.013368 1 
1703 0.016115 1 
1704 0.017087 1 
1705 0.014816 1 
1706 0.012512 1 
1707 0.020823 1 
1708 0.015974 1 
1709 0.025029 1 
1710 0.038809 1 
1711 0.022453 1 
1712 0.015290 1 
1713 0.021363 1 
1714 0.010758 1 
1715 0.013492 1 
1716 0.012039 1 
1717 0.018392 1 
1718 0.012273 1 
1719 0.017070 1 
1720 0.012698 1 
1721 0.015309 1 
1722 0.011393 1 
1723 0.020141 1 
1724 0.019041 1 
1725 0.014930 1 
1726 0.013605 1 
1727 0.013678 1 
1728 0.014558 1 
1729 0.011869 1 
1730 0.011570 1 
1731 0.015670 1 
1732 0.015964 1 
1733 0.011825 1 
1734 0.013963 1 
1735 0.013513 1 
1736 0.011787 1 
1737 0.015067 1 
1738 0.025854 1 
1739 0.013227 1 
1740 0.013803 1 
1741 0.013403 1 
1742 0.018104 1 
1743 0.013842 1 
1744 0.017920 1 
1745 0.019249 1 
1746 0.019706 1 
1747 0.012866 1 
1748 0.015967 1 
1749 0.011196 1 
1750 0.020590 1 
1751 0.011226 1 
1752 0.022967 1 
1753 0.015678 1 
1754 0.015403 1 
1755 0.012788 1 
1756 0.020607 1 
1757 0.012869 1 
1758 0.010664 1 
1759 0.013019 1 
1760 0.012667 1 
1761 0.011184 1 
1762 0.017663 1 
1763 0.016742 1 
1764 0.010207 1 
1765 0.013238 1 
1766 0.012046 1 
1767 0.020381 1 
1768 0.015942 1 
1769 0.019552 1 
1770 0.028795 1 
1771 0.017461 1 
1772 0.011420 1 
1773 0.017873 1 
1774 0.030880 1 
1775 0.014117 1 
1776 0.011344 1 
1777 0.014559 1 
1778 0.011123 1 
1779 0.015898 1 
1780 0.013130 1 
1781 0.022056 1 
1782 0.021267 1 
1783 0.015196 1 
1784 0.012645 1 
1785 0.021384 1 
1786 0.014660 1 
1787 0.014683 1 
1788 0.019940 1 
1789 0.014042 1 
1790 0.013063 1 
1791 0.022244 1 
1792 0.015659 1 
1793 0.015883 1 
1794 0.015892 1 
1795 0.012051 1 
1796 0.015009 1 
1797 0.013422 1 
1798 0.015009 1 
1799 0.012676 1 
1800 0.011713 1 
1801 0.011361 1 
1802 0.014985 1 
1803 0.011744 1 
1804 0.028865 1 
1805 0.012494 1 
1806 0.024328 1 
1807 0.013063 1 
1808 0.014104 1 
1809 0.011051 1 
