2024-08-14 20:13:28
../stream-replay/logs/rtt-6205@128.txt
2 0.138670 1 
8 0.041060 1 
3 0.122750 1 
9 0.025068 1 
6 0.073872 1 
7 0.057816 1 
10 0.010653 1 
11 0.016632 1 
12 0.013088 1 
13 0.009423 1 
14 0.009778 1 
15 0.017272 1 
16 0.011057 1 
17 0.017883 1 
18 0.022130 1 
19 0.011769 1 
20 0.010408 1 
21 0.012220 1 
22 0.011494 1 
23 0.016695 1 
24 0.008578 1 
25 0.009791 1 
26 0.008205 1 
27 0.015377 1 
28 0.010702 1 
29 0.016143 1 
30 0.008924 1 
31 0.008883 1 
32 0.011036 1 
33 0.014332 1 
34 0.008200 1 
35 0.018912 1 
36 0.012694 1 
37 0.015586 1 
38 0.013047 1 
39 0.018382 1 
40 0.015485 1 
41 0.023313 1 
42 0.022909 1 
43 0.011988 1 
44 0.010008 1 
45 0.020691 1 
46 0.009883 1 
47 0.022856 1 
48 0.017806 1 
49 0.013316 1 
50 0.011362 1 
51 0.022107 1 
52 0.011873 1 
53 0.009825 1 
54 0.014930 1 
55 0.023341 1 
56 0.011994 1 
57 0.017421 1 
58 0.012784 1 
59 0.013802 1 
60 0.017709 1 
61 0.016899 1 
62 0.012290 1 
63 0.014900 1 
64 0.056608 1 
65 0.036991 1 
66 0.030211 1 
67 0.018901 1 
68 0.011537 1 
69 0.015445 1 
70 0.011218 1 
71 0.012572 1 
72 0.014766 1 
73 0.015059 1 
74 0.013295 1 
75 0.011355 1 
76 0.012728 1 
77 0.012069 1 
78 0.015934 1 
79 0.016937 1 
80 0.012407 1 
81 0.026743 1 
82 0.012372 1 
83 0.012184 1 
84 0.016329 1 
85 0.022990 1 
86 0.015275 1 
87 0.013999 1 
88 0.017174 1 
89 0.017267 1 
90 0.017579 1 
91 0.021369 1 
92 0.013434 1 
93 0.013644 1 
94 0.018376 1 
95 0.014793 1 
96 0.018134 1 
97 0.021450 1 
98 0.014242 1 
99 0.014324 1 
100 0.018319 1 
101 0.013944 1 
102 0.018949 1 
103 0.008209 1 
104 0.011444 1 
105 0.010278 1 
106 0.014957 1 
107 0.017040 1 
108 0.011484 1 
109 0.012510 1 
110 0.017124 1 
111 0.012779 1 
112 0.016951 1 
113 0.011756 1 
114 0.025002 1 
115 0.015526 1 
116 0.016232 1 
117 0.011072 1 
118 0.009093 1 
119 0.011696 1 
120 0.009660 1 
121 0.017297 1 
122 0.014385 1 
123 0.007914 1 
124 0.010000 1 
125 0.013690 1 
126 0.017117 1 
127 0.022749 1 
128 0.018026 1 
129 0.011613 1 
130 0.012453 1 
131 0.013501 1 
132 0.012992 1 
133 0.021962 1 
134 0.011179 1 
135 0.013465 1 
136 0.013973 1 
137 0.020004 1 
138 0.008722 1 
139 0.023345 1 
140 0.011944 1 
141 0.012412 1 
142 0.014799 1 
143 0.021724 1 
144 0.011526 1 
145 0.009742 1 
146 0.012470 1 
147 0.014705 1 
148 0.012800 1 
149 0.021728 1 
150 0.011779 1 
151 0.013183 1 
152 0.015138 1 
153 0.027027 1 
154 0.012154 1 
155 0.013581 1 
156 0.012871 1 
157 0.011873 1 
158 0.017248 1 
159 0.017684 1 
160 0.012846 1 
161 0.012271 1 
162 0.013851 1 
163 0.011340 1 
164 0.020438 1 
165 0.028783 1 
166 0.014288 1 
167 0.012270 1 
168 0.015685 1 
169 0.013216 1 
170 0.025320 1 
171 0.023012 1 
172 0.012942 1 
173 0.013907 1 
174 0.018056 1 
175 0.014156 1 
176 0.023337 1 
177 0.015152 1 
178 0.017261 1 
179 0.013874 1 
180 0.019374 1 
181 0.013706 1 
182 0.025030 1 
183 0.018090 1 
184 0.013217 1 
185 0.012403 1 
186 0.013204 1 
187 0.011284 1 
188 0.048910 1 
189 0.031554 1 
190 0.022866 1 
191 0.014269 1 
192 0.021358 1 
193 0.012293 1 
194 0.024541 1 
195 0.014121 1 
196 0.151956 1 
197 0.135457 1 
198 0.118683 1 
199 0.101540 1 
200 0.095600 1 
201 0.079147 1 
202 0.062532 1 
203 0.045506 1 
204 0.016983 1 
205 0.013305 1 
206 0.008846 1 
207 0.019244 1 
208 0.019374 1 
209 0.014939 1 
210 0.013405 1 
211 0.013139 1 
212 0.012436 1 
213 0.020563 1 
214 0.031744 1 
215 0.016502 1 
216 0.013071 1 
217 0.016308 1 
218 0.017591 1 
219 0.016371 1 
220 0.019428 1 
221 0.012465 1 
222 0.008569 1 
223 0.013097 1 
224 0.010048 1 
225 0.017264 1 
226 0.009511 1 
227 0.008908 1 
228 0.009328 1 
229 0.022727 1 
230 0.014006 1 
231 0.014145 1 
232 0.013635 1 
233 0.012346 1 
234 0.028690 1 
235 0.020568 1 
236 0.013164 1 
237 0.064294 1 
238 0.048002 1 
239 0.031591 1 
240 0.024901 1 
241 0.008420 1 
242 0.010515 1 
243 0.008975 1 
244 0.014924 1 
245 0.013540 1 
246 0.009216 1 
247 0.008500 1 
248 0.012298 1 
249 0.012009 1 
250 0.019974 1 
251 0.009018 1 
252 0.009290 1 
253 0.010963 1 
254 0.014911 1 
255 0.013453 1 
256 0.017198 1 
257 0.018807 1 
258 0.012178 1 
259 0.012133 1 
260 0.015453 1 
261 0.012412 1 
262 0.026891 1 
263 0.020447 1 
264 0.014202 1 
265 0.018800 1 
266 0.031770 1 
267 0.052815 1 
268 0.045771 1 
269 0.033198 1 
270 0.016458 1 
271 0.013877 1 
272 0.042294 1 
273 0.047516 1 
274 0.030281 1 
275 0.016890 1 
276 0.012494 1 
277 0.014182 1 
278 0.016340 1 
279 0.010738 1 
280 0.018369 1 
281 0.014149 1 
282 0.022152 1 
283 0.011484 1 
284 0.009099 1 
285 0.011586 1 
286 0.010286 1 
287 0.016556 1 
288 0.017505 1 
289 0.012951 1 
290 0.012500 1 
291 0.013433 1 
292 0.012868 1 
293 0.018986 1 
294 0.018464 1 
295 0.013733 1 
296 0.012930 1 
297 0.031087 1 
298 0.018648 1 
299 0.019728 1 
300 0.021069 1 
301 0.014225 1 
302 0.011276 1 
303 0.014317 1 
304 0.010213 1 
305 0.025025 1 
306 0.024187 1 
307 0.011314 1 
308 0.011352 1 
309 0.017053 1 
310 0.013504 1 
311 0.020779 1 
312 0.012346 1 
313 0.015057 1 
314 0.015205 1 
315 0.021091 1 
316 0.011441 1 
317 0.023518 1 
318 0.014449 1 
319 0.013920 1 
320 0.013246 1 
321 0.017191 1 
322 0.012315 1 
323 0.024790 1 
324 0.014403 1 
325 0.016943 1 
326 0.015315 1 
327 0.018780 1 
328 0.010582 1 
329 0.011194 1 
330 0.017440 1 
331 0.024423 1 
332 0.012374 1 
333 0.011559 1 
334 0.013593 1 
335 0.018551 1 
336 0.023422 1 
337 0.019965 1 
338 0.013700 1 
339 0.009074 1 
340 0.013470 1 
341 0.042750 1 
342 0.045335 1 
343 0.029092 1 
344 0.012724 1 
345 0.030063 1 
346 0.015911 1 
347 0.015245 1 
348 0.023601 1 
349 0.020250 1 
350 0.010675 1 
351 0.012078 1 
352 0.018537 1 
353 0.008654 1 
354 0.021486 1 
355 0.010560 1 
356 0.017055 1 
357 0.014119 1 
358 0.028369 1 
359 0.017071 1 
360 0.022239 1 
361 0.014546 1 
362 0.013246 1 
363 0.013653 1 
364 0.019585 1 
365 0.011690 1 
366 0.024004 1 
367 0.016597 1 
368 0.014427 1 
369 0.010813 1 
370 0.011817 1 
371 0.013027 1 
372 0.012323 1 
373 0.017322 1 
374 0.018600 1 
375 0.015626 1 
376 0.013201 1 
377 0.013482 1 
378 0.012068 1 
379 0.017114 1 
380 0.019304 1 
381 0.014100 1 
382 0.013443 1 
383 0.017443 1 
384 0.014117 1 
385 0.021240 1 
386 0.017061 1 
387 0.012453 1 
388 0.010090 1 
389 0.015351 1 
390 0.014040 1 
391 0.025319 1 
392 0.011345 1 
393 0.016332 1 
394 0.014028 1 
395 0.018410 1 
396 0.016017 1 
397 0.020520 1 
398 0.012631 1 
399 0.017387 1 
400 0.016165 1 
401 0.017758 1 
402 0.015167 1 
403 0.023536 1 
404 0.011149 1 
405 0.015287 1 
406 0.013272 1 
407 0.019405 1 
408 0.012943 1 
409 0.017983 1 
410 0.012384 1 
411 0.010745 1 
412 0.011299 1 
413 0.020527 1 
414 0.015700 1 
415 0.026162 1 
416 0.011018 1 
417 0.012980 1 
418 0.011770 1 
419 0.017535 1 
420 0.013162 1 
421 0.010939 1 
422 0.013767 1 
423 0.015697 1 
424 0.013671 1 
425 0.018913 1 
426 0.011451 1 
427 0.011386 1 
428 0.016018 1 
429 0.015686 1 
430 0.011200 1 
431 0.013603 1 
432 0.024612 1 
433 0.033694 1 
434 0.024383 1 
435 0.018265 1 
436 0.011941 1 
437 0.029979 1 
438 0.014105 1 
439 0.018168 1 
440 0.022579 1 
441 0.018203 1 
442 0.017481 1 
443 0.017178 1 
444 0.016510 1 
445 0.013502 1 
446 0.021613 1 
447 0.011811 1 
448 0.014307 1 
449 0.012143 1 
450 0.020525 1 
451 0.012017 1 
452 0.022343 1 
453 0.012541 1 
454 0.011647 1 
455 0.011751 1 
456 0.019607 1 
457 0.014681 1 
458 0.022611 1 
459 0.011687 1 
460 0.014635 1 
461 0.013933 1 
462 0.032157 1 
463 0.019137 1 
464 0.021186 1 
465 0.014230 1 
466 0.015532 1 
467 0.012475 1 
468 0.017988 1 
469 0.012709 1 
470 0.012098 1 
471 0.014360 1 
472 0.015231 1 
473 0.015374 1 
474 0.019790 1 
475 0.011813 1 
476 0.011500 1 
477 0.024784 1 
478 0.017949 1 
479 0.015883 1 
480 0.011955 1 
481 0.047592 1 
482 0.032901 1 
483 0.018589 1 
484 0.017951 1 
485 0.013090 1 
486 0.012787 1 
487 0.025357 1 
488 0.011739 1 
489 0.019625 1 
490 0.023524 1 
491 0.013990 1 
492 0.011221 1 
493 0.052152 1 
494 0.034841 1 
495 0.020881 1 
496 0.022917 1 
497 0.013358 1 
498 0.014935 1 
499 0.027359 1 
500 0.014468 1 
501 0.043869 1 
502 0.027528 1 
503 0.015793 1 
504 0.011065 1 
505 0.041414 1 
506 0.024764 1 
507 0.024966 1 
508 0.016013 1 
509 0.017519 1 
510 0.012499 1 
511 0.029201 1 
512 0.015877 1 
513 0.009751 1 
514 0.012947 1 
515 0.014635 1 
516 0.013977 1 
517 0.017197 1 
518 0.018246 1 
519 0.019028 1 
520 0.029775 1 
521 0.019253 1 
522 0.013052 1 
523 0.010911 1 
524 0.019374 1 
525 0.035980 1 
526 0.035532 1 
527 0.044010 1 
528 0.028101 1 
529 0.026118 1 
530 0.013098 1 
531 0.041813 1 
532 0.046109 1 
533 0.029606 1 
534 0.013202 1 
535 0.011047 1 
536 0.013289 1 
537 0.012659 1 
538 0.017985 1 
539 0.012648 1 
540 0.012909 1 
541 0.015383 1 
542 0.023920 1 
543 0.012251 1 
544 0.019480 1 
545 0.012454 1 
546 0.011156 1 
547 0.011310 1 
548 0.016890 1 
549 0.014486 1 
550 0.018485 1 
551 0.009599 1 
552 0.010300 1 
553 0.010174 1 
554 0.018747 1 
555 0.014134 1 
556 0.021868 1 
557 0.012404 1 
558 0.015351 1 
559 0.017611 1 
560 0.021997 1 
561 0.017333 1 
562 0.025421 1 
563 0.011554 1 
564 0.016424 1 
565 0.013021 1 
566 0.012366 1 
567 0.012048 1 
568 0.012506 1 
569 0.015829 1 
570 0.022998 1 
571 0.012771 1 
572 0.019373 1 
573 0.011830 1 
574 0.011058 1 
575 0.016428 1 
576 0.017290 1 
577 0.011913 1 
578 0.020604 1 
579 0.016300 1 
580 0.011950 1 
581 0.014777 1 
582 0.020667 1 
583 0.014811 1 
584 0.017720 1 
585 0.017698 1 
586 0.014061 1 
587 0.019806 1 
588 0.017985 1 
589 0.012539 1 
590 0.013394 1 
591 0.015991 1 
592 0.015204 1 
593 0.024848 1 
594 0.027284 1 
595 0.010730 1 
596 0.011433 1 
597 0.020171 1 
598 0.014577 1 
599 0.018467 1 
600 0.012734 1 
601 0.014291 1 
602 0.012665 1 
603 0.023856 1 
604 0.011709 1 
605 0.015670 1 
606 0.011206 1 
607 0.015399 1 
608 0.013698 1 
609 0.021166 1 
610 0.014014 1 
611 0.019694 1 
612 0.016376 1 
613 0.016280 1 
614 0.012587 1 
615 0.014669 1 
616 0.012835 1 
617 0.011353 1 
618 0.013786 1 
619 0.016557 1 
620 0.015131 1 
621 0.019783 1 
622 0.014227 1 
623 0.012192 1 
624 0.015636 1 
625 0.017365 1 
626 0.013375 1 
627 0.012435 1 
628 0.014379 1 
629 0.012172 1 
630 0.019267 1 
631 0.017609 1 
632 0.012618 1 
633 0.013399 1 
634 0.012604 1 
635 0.011482 1 
636 0.019025 1 
637 0.020715 1 
638 0.015720 1 
639 0.012253 1 
640 0.012853 1 
641 0.012560 1 
642 0.038597 1 
643 0.026960 1 
644 0.015032 1 
645 0.012334 1 
646 0.016017 1 
647 0.016433 1 
648 0.025402 1 
649 0.008916 1 
650 0.012761 1 
651 0.012250 1 
652 0.019896 1 
653 0.009375 1 
654 0.026258 1 
655 0.025837 1 
656 0.015967 1 
657 0.011537 1 
658 0.022166 1 
659 0.011773 1 
660 0.008596 1 
661 0.017815 1 
662 0.020503 1 
663 0.012036 1 
664 0.016872 1 
665 0.010593 1 
666 0.011820 1 
667 0.014930 1 
668 0.023157 1 
669 0.014853 1 
670 0.012424 1 
671 0.013037 1 
672 0.012225 1 
673 0.015007 1 
674 0.016905 1 
675 0.016105 1 
676 0.021147 1 
677 0.014911 1 
678 0.011362 1 
679 0.020111 1 
680 0.019581 1 
681 0.015507 1 
682 0.011554 1 
683 0.015260 1 
684 0.012747 1 
685 0.021990 1 
686 0.018894 1 
687 0.018434 1 
688 0.016242 1 
689 0.014928 1 
690 0.012587 1 
691 0.023796 1 
692 0.031903 1 
693 0.014794 1 
694 0.014189 1 
695 0.018091 1 
696 0.015809 1 
697 0.024954 1 
698 0.011781 1 
699 0.015744 1 
700 0.014374 1 
701 0.013635 1 
702 0.010224 1 
703 0.013318 1 
704 0.011862 1 
705 0.013170 1 
706 0.013107 1 
707 0.017828 1 
708 0.013711 1 
709 0.019805 1 
710 0.013838 1 
711 0.016955 1 
712 0.011487 1 
713 0.019779 1 
714 0.022808 1 
715 0.016705 1 
716 0.015877 1 
717 0.016070 1 
718 0.009006 1 
719 0.010637 1 
720 0.012947 1 
721 0.013655 1 
722 0.031453 1 
723 0.018348 1 
724 0.011711 1 
725 0.014993 1 
726 0.012296 1 
727 0.012654 1 
728 0.021783 1 
729 0.022092 1 
730 0.012661 1 
731 0.012018 1 
732 0.031456 1 
733 0.019480 1 
734 0.021719 1 
735 0.020212 1 
736 0.025459 1 
737 0.012254 1 
738 0.019946 1 
739 0.016017 1 
740 0.023871 1 
741 0.015363 1 
742 0.018055 1 
743 0.024042 1 
744 0.023307 1 
745 0.012967 1 
746 0.011549 1 
747 0.013642 1 
748 0.015921 1 
749 0.014544 1 
750 0.020845 1 
751 0.011260 1 
752 0.011689 1 
753 0.018130 1 
754 0.016081 1 
755 0.013353 1 
756 0.012539 1 
757 0.014784 1 
758 0.014178 1 
759 0.019526 1 
760 0.019091 1 
761 0.018047 1 
762 0.011088 1 
763 0.010274 1 
764 0.011220 1 
765 0.017981 1 
766 0.017720 1 
767 0.012445 1 
768 0.014429 1 
769 0.015342 1 
770 0.012384 1 
771 0.032190 1 
772 0.020223 1 
773 0.013335 1 
774 0.013221 1 
775 0.031389 1 
776 0.017986 1 
777 0.023341 1 
778 0.022640 1 
779 0.014389 1 
780 0.012703 1 
781 0.014411 1 
782 0.042742 1 
783 0.070466 1 
784 0.054199 1 
785 0.068431 1 
786 0.052334 1 
787 0.061594 1 
788 0.045325 1 
789 0.032619 1 
790 0.016332 1 
791 0.014971 1 
792 0.013878 1 
793 0.012203 1 
794 0.012965 1 
795 0.011354 1 
796 0.018066 1 
797 0.018722 1 
798 0.010711 1 
799 0.012949 1 
800 0.016276 1 
801 0.014217 1 
802 0.022187 1 
803 0.016944 1 
804 0.014079 1 
805 0.012152 1 
806 0.016042 1 
807 0.013604 1 
808 0.022919 1 
809 0.023173 1 
810 0.015103 1 
811 0.011712 1 
812 0.018188 1 
813 0.016148 1 
814 0.022102 1 
815 0.014153 1 
816 0.014028 1 
817 0.011665 1 
818 0.017896 1 
819 0.011850 1 
820 0.009038 1 
821 0.013706 1 
822 0.014805 1 
823 0.012661 1 
824 0.017542 1 
825 0.013656 1 
826 0.012672 1 
827 0.033890 1 
828 0.019396 1 
829 0.017257 1 
830 0.012429 1 
831 0.013005 1 
832 0.013447 1 
833 0.018163 1 
834 0.018232 1 
835 0.011454 1 
836 0.011127 1 
837 0.018422 1 
838 0.012117 1 
839 0.019036 1 
840 0.010514 1 
841 0.014577 1 
842 0.014324 1 
843 0.018285 1 
844 0.014608 1 
845 0.019771 1 
846 0.016436 1 
847 0.014257 1 
848 0.014256 1 
849 0.022291 1 
850 0.010416 1 
851 0.012307 1 
852 0.017390 1 
853 0.017625 1 
854 0.010080 1 
855 0.010017 1 
856 0.027522 1 
857 0.017983 1 
858 0.034662 1 
859 0.018250 1 
860 0.015077 1 
861 0.016122 1 
862 0.016064 1 
863 0.015598 1 
864 0.020532 1 
865 0.037849 1 
866 0.064465 1 
867 0.047637 1 
868 0.031347 1 
869 0.021091 1 
870 0.198430 1 
871 0.184179 1 
872 0.167730 1 
873 0.150735 1 
874 0.139344 1 
875 0.123463 1 
876 0.106692 1 
877 0.090220 1 
878 0.073738 1 
879 0.078818 1 
880 0.062538 1 
881 0.045859 1 
882 0.032487 1 
883 0.018706 1 
884 0.016922 1 
885 0.011675 1 
886 0.023979 1 
887 0.037508 1 
888 0.033460 1 
889 0.019365 1 
890 0.018658 1 
891 0.014650 1 
892 0.014074 1 
893 0.014909 1 
894 0.012447 1 
895 0.022435 1 
896 0.018248 1 
897 0.017142 1 
898 0.013400 1 
899 0.013447 1 
900 0.014977 1 
901 0.023591 1 
902 0.012470 1 
903 0.011795 1 
904 0.012772 1 
905 0.014650 1 
906 0.012974 1 
907 0.039005 1 
908 0.022679 1 
909 0.012783 1 
910 0.009954 1 
911 0.016440 1 
912 0.015852 1 
913 0.023853 1 
914 0.012419 1 
915 0.013625 1 
916 0.011187 1 
917 0.017282 1 
918 0.016882 1 
919 0.027354 1 
920 0.016093 1 
921 0.016194 1 
922 0.012435 1 
923 0.012131 1 
924 0.013305 1 
925 0.009047 1 
926 0.019073 1 
927 0.017452 1 
928 0.012610 1 
929 0.012392 1 
930 0.014541 1 
931 0.013170 1 
932 0.021882 1 
933 0.020618 1 
934 0.016446 1 
935 0.017077 1 
936 0.015452 1 
937 0.015140 1 
938 0.023693 1 
939 0.013364 1 
940 0.014524 1 
941 0.012816 1 
942 0.017915 1 
943 0.014801 1 
944 0.016136 1 
945 0.011446 1 
946 0.019146 1 
947 0.013097 1 
948 0.021835 1 
949 0.013867 1 
950 0.022422 1 
951 0.016153 1 
952 0.014854 1 
953 0.011370 1 
954 0.009840 1 
955 0.013687 1 
956 0.013868 1 
957 0.017358 1 
958 0.018858 1 
959 0.012485 1 
960 0.011818 1 
961 0.014355 1 
962 0.014921 1 
963 0.018659 1 
964 0.019685 1 
965 0.011847 1 
966 0.039395 1 
967 0.023431 1 
968 0.038155 1 
969 0.034926 1 
970 0.022624 1 
971 0.017198 1 
972 0.011356 1 
973 0.017064 1 
974 0.014349 1 
975 0.020256 1 
976 0.023738 1 
977 0.027213 1 
978 0.023942 1 
979 0.032311 1 
980 0.039096 1 
981 0.022904 1 
982 0.014197 1 
983 0.049804 1 
984 0.033076 1 
985 0.023161 1 
986 0.015537 1 
987 0.010061 1 
988 0.016415 1 
989 0.016047 1 
990 0.013269 1 
991 0.014938 1 
992 0.011325 1 
993 0.011482 1 
994 0.035871 1 
995 0.031669 1 
996 0.021824 1 
997 0.012026 1 
998 0.013799 1 
999 0.017467 1 
1000 0.026937 1 
1001 0.015738 1 
1002 0.012903 1 
1003 0.009916 1 
1004 0.017757 1 
1005 0.014472 1 
1006 0.028779 1 
1007 0.012673 1 
1008 0.016682 1 
1009 0.011129 1 
1010 0.019778 1 
1011 0.015775 1 
1012 0.018934 1 
1013 0.018946 1 
1014 0.016945 1 
1015 0.012856 1 
1016 0.022364 1 
1017 0.026137 1 
1018 0.048557 1 
1019 0.032346 1 
1020 0.018606 1 
1021 0.012027 1 
1022 0.017053 1 
1023 0.016349 1 
1024 0.014931 1 
1025 0.026957 1 
1026 0.010338 1 
1027 0.009940 1 
1028 0.008331 1 
1029 0.014150 1 
1030 0.015501 1 
1031 0.025126 1 
1032 0.023568 1 
1033 0.013340 1 
1034 0.029467 1 
1035 0.020174 1 
1036 0.014105 1 
1037 0.016772 1 
1038 0.012158 1 
1039 0.013393 1 
1040 0.013138 1 
1041 0.020505 1 
1042 0.011307 1 
1043 0.012621 1 
1044 0.014970 1 
1045 0.018414 1 
1046 0.013975 1 
1047 0.011635 1 
1048 0.015088 1 
1049 0.016071 1 
1050 0.018330 1 
1051 0.021013 1 
1052 0.012467 1 
1053 0.011451 1 
1054 0.014851 1 
1055 0.013305 1 
1056 0.035254 1 
1057 0.020665 1 
1058 0.019037 1 
1059 0.011241 1 
1060 0.017800 1 
1061 0.016387 1 
1062 0.021114 1 
1063 0.016756 1 
1064 0.009249 1 
1065 0.007713 1 
1066 0.013967 1 
1067 0.033802 1 
1068 0.021495 1 
1069 0.017671 1 
1070 0.010936 1 
1071 0.012083 1 
1072 0.016923 1 
1073 0.015486 1 
1074 0.027386 1 
1075 0.011975 1 
1076 0.014621 1 
1077 0.011685 1 
1078 0.017294 1 
1079 0.015221 1 
1080 0.016458 1 
1081 0.024892 1 
1082 0.013007 1 
1083 0.012809 1 
1084 0.026854 1 
1085 0.014029 1 
1086 0.012592 1 
1087 0.015472 1 
1088 0.022051 1 
1089 0.014298 1 
1090 0.021068 1 
1091 0.028553 1 
1092 0.011095 1 
1093 0.018071 1 
1094 0.019546 1 
1095 0.014709 1 
1096 0.009888 1 
1097 0.012605 1 
1098 0.013497 1 
1099 0.024782 1 
1100 0.022127 1 
1101 0.010965 1 
1102 0.011988 1 
1103 0.017395 1 
1104 0.016161 1 
1105 0.024207 1 
1106 0.015282 1 
1107 0.012153 1 
1108 0.015482 1 
1109 0.016290 1 
1110 0.011103 1 
1111 0.016830 1 
1112 0.012916 1 
1113 0.020937 1 
1114 0.014710 1 
1115 0.023019 1 
1116 0.014638 1 
1117 0.011366 1 
1118 0.014023 1 
1119 0.017029 1 
1120 0.011734 1 
1121 0.008763 1 
1122 0.012082 1 
1123 0.012258 1 
1124 0.020021 1 
1125 0.022084 1 
1126 0.014185 1 
1127 0.008893 1 
1128 0.010792 1 
1129 0.006457 1 
1130 0.028258 1 
1131 0.020472 1 
1132 0.093951 1 
1133 0.079989 1 
1134 0.062858 1 
1135 0.081750 1 
1136 0.065439 1 
1137 0.070449 1 
1138 0.054040 1 
1139 0.037755 1 
1140 0.061525 1 
1141 0.044963 1 
1142 0.045507 1 
1143 0.029150 1 
1144 0.028070 1 
1145 0.012592 1 
1146 0.023953 1 
1147 0.012740 1 
1148 0.011036 1 
1149 0.017212 1 
1150 0.017066 1 
1151 0.009446 1 
1152 0.010140 1 
1153 0.011840 1 
1154 0.011770 1 
1155 0.019403 1 
1156 0.017028 1 
1157 0.009741 1 
1158 0.008770 1 
1159 0.012728 1 
1160 0.008626 1 
1161 0.021917 1 
1162 0.015551 1 
1163 0.013620 1 
1164 0.013331 1 
1165 0.015997 1 
1166 0.017526 1 
1167 0.023462 1 
1168 0.018962 1 
1169 0.020494 1 
1170 0.011589 1 
1171 0.017096 1 
1172 0.012942 1 
1173 0.011284 1 
1174 0.013914 1 
1175 0.019778 1 
1176 0.014151 1 
1177 0.013043 1 
1178 0.014189 1 
1179 0.013463 1 
1180 0.019159 1 
1181 0.019522 1 
1182 0.014941 1 
1183 0.011512 1 
1184 0.015372 1 
1185 0.012533 1 
1186 0.034864 1 
1187 0.018508 1 
1188 0.013498 1 
1189 0.013424 1 
1190 0.017679 1 
1191 0.013756 1 
1192 0.024065 1 
1193 0.016458 1 
1194 0.018178 1 
1195 0.012752 1 
1196 0.023835 1 
1197 0.017722 1 
1198 0.043027 1 
1199 0.026933 1 
1200 0.014148 1 
1201 0.014883 1 
1202 0.017124 1 
1203 0.012240 1 
1204 0.011882 1 
1205 0.017499 1 
1206 0.015649 1 
1207 0.011876 1 
1208 0.017407 1 
1209 0.015314 1 
1210 0.012253 1 
1211 0.017492 1 
1212 0.018346 1 
1213 0.013891 1 
1214 0.009001 1 
1215 0.016563 1 
1216 0.012636 1 
1217 0.021282 1 
1218 0.029107 1 
1219 0.016337 1 
1220 0.012813 1 
1221 0.019199 1 
1222 0.017464 1 
1223 0.027882 1 
1224 0.026159 1 
1225 0.013775 1 
1226 0.014684 1 
1227 0.014478 1 
1228 0.014956 1 
1229 0.023818 1 
1230 0.017142 1 
1231 0.023268 1 
1232 0.010057 1 
1233 0.017152 1 
1234 0.018052 1 
1235 0.012555 1 
1236 0.017566 1 
1237 0.016367 1 
1238 0.012277 1 
1239 0.018170 1 
1240 0.013574 1 
1241 0.011862 1 
1242 0.017855 1 
1243 0.023355 1 
1244 0.012877 1 
1245 0.013450 1 
1246 0.014752 1 
1247 0.012879 1 
1248 0.023705 1 
1249 0.017025 1 
1250 0.013242 1 
1251 0.011544 1 
1252 0.014337 1 
1253 0.014608 1 
1254 0.022965 1 
1255 0.014835 1 
1256 0.015686 1 
1257 0.011039 1 
1258 0.015872 1 
1259 0.011066 1 
1260 0.010580 1 
1261 0.014810 1 
1262 0.013795 1 
1263 0.013869 1 
1264 0.015979 1 
1265 0.012488 1 
1266 0.012968 1 
1267 0.016971 1 
1268 0.023317 1 
1269 0.014008 1 
1270 0.018652 1 
1271 0.013202 1 
1272 0.014362 1 
1273 0.020021 1 
1274 0.017826 1 
1275 0.014371 1 
1276 0.012094 1 
1277 0.014578 1 
1278 0.015699 1 
1279 0.025644 1 
1280 0.012522 1 
1281 0.019815 1 
1282 0.013794 1 
1283 0.014950 1 
1284 0.013941 1 
1285 0.030353 1 
1286 0.014068 1 
1287 0.012425 1 
1288 0.013229 1 
1289 0.025034 1 
1290 0.017721 1 
1291 0.010368 1 
1292 0.013526 1 
1293 0.015270 1 
1294 0.011265 1 
1295 0.022677 1 
1296 0.023431 1 
1297 0.021997 1 
1298 0.016593 1 
1299 0.016322 1 
1300 0.037645 1 
1301 0.047085 1 
1302 0.120059 1 
1303 0.108047 1 
1304 0.091897 1 
1305 0.075578 1 
1306 0.067774 1 
1307 0.051082 1 
1308 0.051059 1 
1309 0.032912 1 
1310 0.024440 1 
1311 0.009422 1 
1312 0.012935 1 
1313 0.012202 1 
1314 0.016781 1 
1315 0.015781 1 
1316 0.028883 1 
1317 0.018147 1 
1318 0.015846 1 
1319 0.012291 1 
1320 0.017334 1 
1321 0.010874 1 
1322 0.017296 1 
1323 0.024545 1 
1324 0.015908 1 
1325 0.012894 1 
1326 0.016552 1 
1327 0.010895 1 
1328 0.020705 1 
1329 0.021130 1 
1330 0.016898 1 
1331 0.019959 1 
1332 0.015233 1 
1333 0.013011 1 
1334 0.011992 1 
1335 0.032850 1 
1336 0.017108 1 
1337 0.012766 1 
1338 0.011304 1 
1339 0.015587 1 
1340 0.013919 1 
1341 0.024502 1 
1342 0.009212 1 
1343 0.015643 1 
1344 0.012470 1 
1345 0.016805 1 
1346 0.016595 1 
1347 0.019416 1 
1348 0.013206 1 
1349 0.010803 1 
1350 0.012374 1 
1351 0.022022 1 
1352 0.010155 1 
1353 0.014985 1 
1354 0.012661 1 
1355 0.016649 1 
1356 0.013439 1 
1357 0.022911 1 
1358 0.012727 1 
1359 0.014350 1 
1360 0.040854 1 
1361 0.025774 1 
1362 0.012807 1 
1363 0.013441 1 
1364 0.018334 1 
1365 0.029256 1 
1366 0.021201 1 
1367 0.018346 1 
1368 0.013372 1 
1369 0.013030 1 
1370 0.012793 1 
1371 0.014896 1 
1372 0.021648 1 
1373 0.018170 1 
1374 0.015012 1 
1375 0.025040 1 
1376 0.015704 1 
1377 0.012791 1 
1378 0.028377 1 
1379 0.027256 1 
1380 0.018989 1 
1381 0.012856 1 
1382 0.018380 1 
1383 0.015871 1 
1384 0.024172 1 
1385 0.014641 1 
1386 0.015323 1 
1387 0.016183 1 
1388 0.016379 1 
1389 0.018453 1 
1390 0.018042 1 
1391 0.013898 1 
1392 0.015141 1 
1393 0.014061 1 
1394 0.018699 1 
1395 0.012194 1 
1396 0.013068 1 
1397 0.030391 1 
1398 0.017542 1 
1399 0.011503 1 
1400 0.015029 1 
1401 0.014667 1 
1402 0.013145 1 
1403 0.018043 1 
1404 0.024837 1 
1405 0.013634 1 
1406 0.014411 1 
1407 0.013505 1 
1408 0.012976 1 
1409 0.026889 1 
1410 0.020615 1 
1411 0.012238 1 
1412 0.008910 1 
1413 0.013128 1 
1414 0.011825 1 
1415 0.028042 1 
1416 0.020519 1 
1417 0.015284 1 
1418 0.012286 1 
1419 0.031355 1 
1420 0.017417 1 
1421 0.021619 1 
1422 0.013255 1 
1423 0.013368 1 
1424 0.013966 1 
1425 0.036057 1 
1426 0.020668 1 
1427 0.025975 1 
1428 0.014541 1 
1429 0.014539 1 
1430 0.012186 1 
1431 0.012190 1 
1432 0.025589 1 
1433 0.012773 1 
1434 0.017025 1 
1435 0.017652 1 
1436 0.010745 1 
1437 0.013162 1 
1438 0.029953 1 
1439 0.012178 1 
1440 0.015407 1 
1441 0.021984 1 
1442 0.011234 1 
1443 0.043614 1 
1444 0.027389 1 
1445 0.011701 1 
1446 0.019407 1 
1447 0.017172 1 
1448 0.009007 1 
1449 0.041792 1 
1450 0.031358 1 
1451 0.017303 1 
1452 0.040357 1 
1453 0.024640 1 
1454 0.029191 1 
1455 0.013006 1 
1456 0.020497 1 
1457 0.010505 1 
1458 0.016030 1 
1459 0.011655 1 
1460 0.012547 1 
1461 0.011319 1 
1462 0.017081 1 
1463 0.009958 1 
1464 0.010239 1 
1465 0.015432 1 
1466 0.016821 1 
1467 0.012618 1 
1468 0.012529 1 
1469 0.013225 1 
1470 0.012940 1 
1471 0.036386 1 
1472 0.048346 1 
1473 0.032033 1 
1474 0.022010 1 
1475 0.015497 1 
1476 0.012159 1 
1477 0.022426 1 
1478 0.044646 1 
1479 0.027493 1 
1480 0.014656 1 
1481 0.014208 1 
1482 0.016091 1 
1483 0.026210 1 
1484 0.013376 1 
1485 0.013119 1 
1486 0.011660 1 
1487 0.015018 1 
1488 0.018095 1 
1489 0.025617 1 
1490 0.018412 1 
1491 0.016207 1 
1492 0.010818 1 
1493 0.016423 1 
1494 0.010686 1 
1495 0.016850 1 
1496 0.011869 1 
1497 0.019802 1 
1498 0.012738 1 
1499 0.016503 1 
1500 0.013795 1 
1501 0.013736 1 
1502 0.016406 1 
1503 0.015998 1 
1504 0.009878 1 
1505 0.012460 1 
1506 0.013530 1 
1507 0.011500 1 
1508 0.020968 1 
1509 0.015162 1 
1510 0.012594 1 
1511 0.047989 1 
1512 0.031829 1 
1513 0.020512 1 
1514 0.021855 1 
1515 0.024889 1 
1516 0.012491 1 
1517 0.013587 1 
1518 0.016086 1 
1519 0.021437 1 
1520 0.029680 1 
1521 0.013242 1 
1522 0.016216 1 
1523 0.013744 1 
1524 0.019018 1 
1525 0.011867 1 
1526 0.018095 1 
1527 0.013990 1 
1528 0.017126 1 
1529 0.012272 1 
1530 0.015511 1 
1531 0.013762 1 
1532 0.012499 1 
1533 0.016428 1 
1534 0.016712 1 
1535 0.011017 1 
1536 0.019727 1 
1537 0.014486 1 
1538 0.012720 1 
1539 0.021149 1 
1540 0.015979 1 
1541 0.012660 1 
1542 0.008810 1 
1543 0.014526 1 
1544 0.014299 1 
1545 0.023115 1 
1546 0.019418 1 
1547 0.009044 1 
1548 0.009243 1 
1549 0.012269 1 
1550 0.015142 1 
1551 0.021642 1 
1552 0.011961 1 
1553 0.011513 1 
1554 0.010530 1 
1555 0.016207 1 
1556 0.012086 1 
1557 0.027513 1 
1558 0.014093 1 
1559 0.027237 1 
1560 0.013578 1 
1561 0.013416 1 
1562 0.026576 1 
1563 0.014029 1 
1564 0.020275 1 
1565 0.017735 1 
1566 0.010779 1 
1567 0.011415 1 
1568 0.013834 1 
1569 0.014106 1 
1570 0.022387 1 
1571 0.010271 1 
1572 0.014699 1 
1573 0.011230 1 
1574 0.015494 1 
1575 0.016071 1 
1576 0.024198 1 
1577 0.013333 1 
1578 0.015987 1 
1579 0.011320 1 
1580 0.017848 1 
1581 0.014890 1 
1582 0.009645 1 
1583 0.014763 1 
1584 0.019111 1 
1585 0.012598 1 
1586 0.018427 1 
1587 0.013331 1 
1588 0.011160 1 
1589 0.014750 1 
1590 0.015858 1 
1591 0.012097 1 
1592 0.013673 1 
1593 0.014154 1 
1594 0.012660 1 
1595 0.016595 1 
1596 0.018680 1 
1597 0.012543 1 
1598 0.013655 1 
1599 0.014678 1 
1600 0.013856 1 
1601 0.022710 1 
1602 0.017916 1 
1603 0.013602 1 
1604 0.010538 1 
1605 0.014635 1 
1606 0.014789 1 
1607 0.026458 1 
1608 0.012114 1 
1609 0.013190 1 
1610 0.010248 1 
1611 0.018372 1 
1612 0.014964 1 
1613 0.016680 1 
1614 0.012064 1 
1615 0.015924 1 
1616 0.011113 1 
1617 0.018440 1 
1618 0.015018 1 
1619 0.013265 1 
1620 0.017390 1 
1621 0.025166 1 
1622 0.014061 1 
1623 0.013554 1 
1624 0.011839 1 
1625 0.011438 1 
1626 0.017500 1 
1627 0.018451 1 
1628 0.009822 1 
1629 0.011719 1 
1630 0.012807 1 
1631 0.010528 1 
1632 0.017238 1 
1633 0.008546 1 
1634 0.011663 1 
1635 0.009899 1 
1636 0.017386 1 
1637 0.015005 1 
1638 0.024002 1 
1639 0.012438 1 
1640 0.015131 1 
1641 0.011620 1 
1642 0.019881 1 
1643 0.014741 1 
1644 0.011012 1 
1645 0.019685 1 
1646 0.026393 1 
1647 0.014155 1 
1648 0.012771 1 
1649 0.012337 1 
1650 0.014354 1 
1651 0.017891 1 
1652 0.017787 1 
1653 0.013951 1 
1654 0.014087 1 
1655 0.013505 1 
1656 0.013382 1 
1657 0.021280 1 
1658 0.013358 1 
1659 0.013344 1 
1660 0.011050 1 
1661 0.016142 1 
1662 0.015667 1 
1663 0.021549 1 
1664 0.013777 1 
1665 0.013959 1 
1666 0.010063 1 
1667 0.011752 1 
1668 0.012505 1 
1669 0.009296 1 
1670 0.013012 1 
1671 0.017572 1 
1672 0.013225 1 
1673 0.022020 1 
1674 0.021063 1 
1675 0.027248 1 
1676 0.015581 1 
1677 0.016290 1 
1678 0.009310 1 
1679 0.012249 1 
1680 0.009557 1 
1681 0.011351 1 
1682 0.018392 1 
1683 0.017930 1 
1684 0.010206 1 
1685 0.011563 1 
1686 0.014989 1 
1687 0.012136 1 
1688 0.017622 1 
1689 0.010160 1 
1690 0.011280 1 
1691 0.011061 1 
1692 0.017337 1 
1693 0.011693 1 
1694 0.023244 1 
1695 0.009341 1 
1696 0.011631 1 
1697 0.008721 1 
1698 0.015834 1 
1699 0.007797 1 
1700 0.009708 1 
1701 0.013869 1 
1702 0.015903 1 
1703 0.009109 1 
1704 0.010212 1 
1705 0.010684 1 
1706 0.009092 1 
1707 0.018531 1 
1708 0.018239 1 
1709 0.013570 1 
1710 0.013103 1 
1711 0.014672 1 
1712 0.014563 1 
1713 0.021232 1 
1714 0.016279 1 
1715 0.015066 1 
1716 0.017185 1 
1717 0.020991 1 
1718 0.013663 1 
1719 0.030366 1 
1720 0.026157 1 
1721 0.012885 1 
1722 0.032107 1 
1723 0.064874 1 
1724 0.055882 1 
1725 0.044353 1 
1726 0.029778 1 
1727 0.018053 1 
1728 0.013040 1 
1729 0.015595 1 
1730 0.011380 1 
1731 0.025768 1 
1732 0.013812 1 
1733 0.024744 1 
1734 0.017710 1 
1735 0.012090 1 
1736 0.010802 1 
1737 0.027560 1 
1738 0.015971 1 
1739 0.019200 1 
1740 0.013294 1 
1741 0.012558 1 
1742 0.011298 1 
1743 0.013921 1 
1744 0.021312 1 
1745 0.016863 1 
1746 0.015538 1 
1747 0.013607 1 
1748 0.013022 1 
1749 0.012923 1 
1750 0.021996 1 
1751 0.012012 1 
1752 0.011359 1 
1753 0.008952 1 
1754 0.012412 1 
1755 0.010565 1 
1756 0.008957 1 
1757 0.014420 1 
1758 0.017249 1 
1759 0.009016 1 
1760 0.009560 1 
1761 0.011695 1 
1762 0.009890 1 
1763 0.020103 1 
1764 0.016356 1 
1765 0.016726 1 
1766 0.008442 1 
1767 0.012366 1 
1768 0.010346 1 
1769 0.023902 1 
1770 0.011487 1 
1771 0.011467 1 
1772 0.009068 1 
1773 0.014854 1 
1774 0.009181 1 
1775 0.020952 1 
1776 0.022612 1 
1777 0.012077 1 
1778 0.009171 1 
1779 0.014939 1 
1780 0.010997 1 
1781 0.026753 1 
1782 0.011694 1 
1783 0.017002 1 
1784 0.011436 1 
1785 0.017888 1 
1786 0.011794 1 
1787 0.009491 1 
1788 0.015776 1 
1789 0.025018 1 
1790 0.014133 1 
1791 0.018643 1 
1792 0.013346 1 
1793 0.014710 1 
1794 0.019429 1 
1795 0.021250 1 
1796 0.011607 1 
1797 0.022593 1 
1798 0.013066 1 
1799 0.012754 1 
1800 0.022323 1 
1801 0.024337 1 
1802 0.013516 1 
1803 0.013249 1 
1804 0.016423 1 
1805 0.013648 1 
1806 0.026419 1 
1807 0.012231 1 
