2024-08-14 19:50:37
../stream-replay/logs/rtt-6205@128.txt
1 0.096495 1 
2 0.080042 1 
3 0.063852 1 
4 0.047514 1 
5 0.043725 1 
6 0.048082 1 
7 0.045821 1 
8 0.029664 1 
9 0.018604 1 
10 0.015070 1 
11 0.027167 1 
12 0.025497 1 
13 0.028507 1 
14 0.017531 1 
15 0.024185 1 
16 0.018136 1 
17 0.030524 1 
18 0.026879 1 
19 0.026950 1 
20 0.027805 1 
21 0.017395 1 
22 0.017262 1 
23 0.015437 1 
24 0.028026 1 
25 0.016583 1 
26 0.031785 1 
27 0.028282 1 
28 0.027116 1 
29 0.018481 1 
30 0.026423 1 
31 0.037739 1 
32 0.030126 1 
33 0.047539 1 
34 0.031014 1 
35 0.046833 1 
36 0.044059 1 
37 0.043384 1 
38 0.033355 1 
39 0.023047 1 
40 0.016865 1 
41 0.020365 1 
42 0.037977 1 
43 0.027513 1 
44 0.015846 1 
45 0.026329 1 
46 0.031724 1 
47 0.025366 1 
48 0.027768 1 
49 0.028114 1 
50 0.030615 1 
51 0.028269 1 
52 0.021485 1 
53 0.026312 1 
54 0.021541 1 
55 0.015998 1 
56 0.014583 1 
57 0.031059 1 
58 0.018353 1 
59 0.024062 1 
60 0.025659 1 
61 0.024571 1 
62 0.027455 1 
63 0.022757 1 
64 0.026965 1 
65 0.029314 1 
66 0.018514 1 
67 0.029112 1 
68 0.032551 1 
69 0.039079 1 
70 0.032254 1 
71 0.029423 1 
72 0.071079 1 
73 0.072760 1 
74 0.095165 1 
75 0.118086 1 
76 0.125854 1 
77 0.109550 1 
78 0.093517 1 
79 0.089509 1 
80 0.073262 1 
81 0.078857 1 
82 0.073911 1 
83 0.076305 1 
84 0.070805 1 
85 0.060112 1 
86 0.060003 1 
87 0.052514 1 
88 0.059158 1 
89 0.050373 1 
90 0.043228 1 
91 0.044363 1 
92 0.028108 1 
93 0.026808 1 
94 0.016692 1 
95 0.029637 1 
96 0.026069 1 
97 0.020101 1 
98 0.016664 1 
99 0.029224 1 
100 0.018067 1 
101 0.025011 1 
102 0.017101 1 
103 0.030758 1 
104 0.020902 1 
105 0.031551 1 
106 0.034077 1 
107 0.026267 1 
108 0.015009 1 
109 0.022546 1 
110 0.024625 1 
111 0.048657 1 
112 0.035912 1 
113 0.032006 1 
114 0.025794 1 
115 0.021658 1 
116 0.016758 1 
117 0.014232 1 
118 0.027632 1 
119 0.015947 1 
120 0.027029 1 
121 0.022312 1 
122 0.022456 1 
123 0.039277 1 
124 0.027403 1 
125 0.040232 1 
126 0.028381 1 
127 0.019991 1 
128 0.019484 1 
129 0.026018 1 
130 0.027686 1 
131 0.029059 1 
132 0.029230 1 
133 0.019267 1 
134 0.030071 1 
135 0.034336 1 
136 0.029566 1 
137 0.029028 1 
138 0.026911 1 
139 0.017267 1 
140 0.022757 1 
141 0.017401 1 
142 0.034555 1 
143 0.045928 1 
144 0.029768 1 
145 0.021336 1 
146 0.018455 1 
147 0.016418 1 
148 0.043860 1 
149 0.047076 1 
150 0.030818 1 
151 0.033940 1 
152 0.026698 1 
153 0.027549 1 
154 0.073434 1 
155 0.057300 1 
156 0.041014 1 
157 0.049040 1 
158 0.032852 1 
159 0.033021 1 
160 0.019582 1 
161 0.026451 1 
162 0.017133 1 
163 0.040348 1 
164 0.028551 1 
165 0.022263 1 
166 0.022596 1 
167 0.028911 1 
168 0.024954 1 
169 0.019885 1 
170 0.021904 1 
171 0.018757 1 
172 0.016276 1 
173 0.035124 1 
174 0.028036 1 
175 0.017003 1 
176 0.029157 1 
177 0.017422 1 
178 0.022538 1 
179 0.032845 1 
180 0.033062 1 
181 0.037486 1 
182 0.046359 1 
183 0.030335 1 
184 0.028235 1 
185 0.017513 1 
186 0.031768 1 
187 0.018416 1 
188 0.028694 1 
189 0.031812 1 
190 0.028972 1 
191 0.026887 1 
192 0.031955 1 
193 0.017641 1 
194 0.021069 1 
195 0.017728 1 
196 0.028243 1 
197 0.029578 1 
198 0.022152 1 
199 0.024255 1 
200 0.013718 1 
201 0.026501 1 
202 0.023994 1 
203 0.018249 1 
204 0.025511 1 
205 0.031154 1 
206 0.033499 1 
207 0.025653 1 
208 0.014353 1 
209 0.019032 1 
210 0.032693 1 
211 0.032805 1 
212 0.033985 1 
213 0.026809 1 
214 0.016307 1 
215 0.025724 1 
216 0.020250 1 
217 0.038594 1 
218 0.036067 1 
219 0.030633 1 
220 0.040818 1 
221 0.024445 1 
222 0.034261 1 
223 0.041956 1 
224 0.049203 1 
225 0.053323 1 
226 0.050487 1 
227 0.033870 1 
228 0.044726 1 
229 0.028542 1 
230 0.023944 1 
231 0.029584 1 
232 0.038266 1 
233 0.028567 1 
234 0.030248 1 
235 0.029152 1 
236 0.027811 1 
237 0.018524 1 
238 0.032165 1 
239 0.032552 1 
240 0.027098 1 
241 0.022907 1 
242 0.030272 1 
243 0.025268 1 
244 0.033005 1 
245 0.029868 1 
246 0.029086 1 
247 0.015683 1 
248 0.032051 1 
249 0.016545 1 
250 0.033620 1 
251 0.024949 1 
252 0.027855 1 
253 0.027995 1 
254 0.044455 1 
255 0.028379 1 
256 0.025936 1 
257 0.078551 1 
258 0.070764 1 
259 0.054708 1 
260 0.061674 1 
261 0.045319 1 
262 0.056700 1 
263 0.054338 1 
264 0.054096 1 
265 0.050885 1 
266 0.046201 1 
267 0.036607 1 
268 0.042513 1 
269 0.031511 1 
270 0.019126 1 
271 0.038947 1 
272 0.037418 1 
273 0.052468 1 
274 0.045642 1 
275 0.033350 1 
276 0.023930 1 
277 0.021977 1 
278 0.024274 1 
279 0.026489 1 
280 0.024491 1 
281 0.019026 1 
282 0.018536 1 
283 0.025467 1 
284 0.027291 1 
285 0.038380 1 
286 0.041507 1 
287 0.025023 1 
288 0.022786 1 
289 0.079840 1 
290 0.076879 1 
291 0.069505 1 
292 0.076539 1 
293 0.108906 1 
294 0.114995 1 
295 0.098789 1 
296 0.099301 1 
297 0.096209 1 
298 0.080163 1 
299 0.091582 1 
300 0.075548 1 
301 0.099553 1 
302 0.083485 1 
303 0.117097 1 
304 0.100840 1 
305 0.084653 1 
306 0.068511 1 
307 0.079915 1 
308 0.063864 1 
309 0.053085 1 
310 0.051212 1 
311 0.046019 1 
312 0.056656 1 
313 0.051318 1 
314 0.034785 1 
315 0.021508 1 
316 0.014706 1 
317 0.033656 1 
318 0.030059 1 
319 0.024495 1 
320 0.017902 1 
321 0.021839 1 
322 0.039201 1 
323 0.026866 1 
324 0.033801 1 
325 0.027326 1 
326 0.033682 1 
327 0.018178 1 
328 0.028981 1 
329 0.024826 1 
330 0.018422 1 
331 0.024204 1 
332 0.031991 1 
333 0.029188 1 
334 0.022848 1 
335 0.019627 1 
336 0.016220 1 
337 0.024192 1 
338 0.017945 1 
339 0.025245 1 
340 0.038378 1 
341 0.031924 1 
342 0.051877 1 
343 0.047128 1 
344 0.036087 1 
345 0.024908 1 
346 0.018694 1 
347 0.033898 1 
348 0.027546 1 
349 0.030715 1 
350 0.016971 1 
351 0.020473 1 
352 0.019301 1 
353 0.028158 1 
354 0.025075 1 
355 0.030482 1 
356 0.020862 1 
357 0.017194 1 
358 0.026902 1 
359 0.019309 1 
360 0.042011 1 
361 0.032868 1 
362 0.029916 1 
363 0.031869 1 
364 0.025433 1 
365 0.015147 1 
366 0.025307 1 
367 0.017453 1 
368 0.025650 1 
369 0.018702 1 
370 0.026495 1 
371 0.023663 1 
372 0.027916 1 
373 0.028061 1 
374 0.021006 1 
375 0.019558 1 
376 0.027060 1 
377 0.023834 1 
378 0.029020 1 
379 0.030393 1 
380 0.016176 1 
381 0.026501 1 
382 0.014192 1 
383 0.035836 1 
384 0.027565 1 
385 0.028306 1 
386 0.017486 1 
387 0.025899 1 
388 0.015593 1 
389 0.051796 1 
390 0.050038 1 
391 0.033969 1 
392 0.020314 1 
393 0.031445 1 
394 0.017394 1 
395 0.040917 1 
396 0.044049 1 
397 0.046451 1 
398 0.050289 1 
399 0.042277 1 
400 0.051687 1 
401 0.035339 1 
402 0.046392 1 
403 0.038281 1 
404 0.030821 1 
405 0.016367 1 
406 0.030087 1 
407 0.048213 1 
408 0.061448 1 
409 0.055338 1 
410 0.058486 1 
411 0.049922 1 
412 0.034971 1 
413 0.052130 1 
414 0.060978 1 
415 0.056977 1 
416 0.053366 1 
417 0.036369 1 
418 0.025117 1 
419 0.015723 1 
420 0.022007 1 
421 0.017272 1 
422 0.029941 1 
423 0.018705 1 
424 0.033069 1 
425 0.037408 1 
426 0.069308 1 
427 0.061306 1 
428 0.045042 1 
429 0.042112 1 
430 0.031337 1 
431 0.024089 1 
432 0.017689 1 
433 0.015515 1 
434 0.025019 1 
435 0.029289 1 
436 0.028731 1 
437 0.025987 1 
438 0.018010 1 
439 0.018512 1 
440 0.025256 1 
441 0.026880 1 
442 0.028216 1 
443 0.026011 1 
444 0.017198 1 
445 0.022052 1 
446 0.034400 1 
447 0.026276 1 
448 0.017834 1 
449 0.021397 1 
450 0.017497 1 
451 0.022155 1 
452 0.016775 1 
453 0.045619 1 
454 0.048911 1 
455 0.036931 1 
456 0.039689 1 
457 0.031698 1 
458 0.040404 1 
459 0.037909 1 
460 0.047233 1 
461 0.037540 1 
462 0.038296 1 
463 0.027597 1 
464 0.017903 1 
465 0.023978 1 
466 0.031801 1 
467 0.024656 1 
468 0.023032 1 
469 0.027529 1 
470 0.020472 1 
471 0.020922 1 
472 0.034362 1 
473 0.029862 1 
474 0.024814 1 
475 0.019821 1 
476 0.022239 1 
477 0.030966 1 
478 0.027632 1 
479 0.019332 1 
480 0.026327 1 
481 0.018296 1 
482 0.024015 1 
483 0.034893 1 
484 0.044292 1 
485 0.027957 1 
486 0.031608 1 
487 0.048363 1 
488 0.061925 1 
489 0.044526 1 
490 0.029521 1 
491 0.027469 1 
492 0.021838 1 
493 0.023702 1 
494 0.015609 1 
495 0.029584 1 
496 0.034162 1 
497 0.034653 1 
498 0.044399 1 
499 0.055161 1 
500 0.039128 1 
501 0.028136 1 
502 0.050118 1 
503 0.035272 1 
504 0.030185 1 
505 0.038349 1 
506 0.087012 1 
507 0.070998 1 
508 0.107016 1 
509 0.090963 1 
510 0.084098 1 
511 0.072160 1 
512 0.064454 1 
513 0.092272 1 
514 0.075885 1 
515 0.059369 1 
516 0.052389 1 
517 0.045183 1 
518 0.039051 1 
519 0.044517 1 
520 0.028547 1 
521 0.047722 1 
522 0.035181 1 
523 0.041634 1 
524 0.032592 1 
525 0.030211 1 
526 0.028257 1 
527 0.018710 1 
528 0.030985 1 
529 0.018253 1 
530 0.024198 1 
531 0.021838 1 
532 0.029817 1 
533 0.034793 1 
534 0.029799 1 
535 0.020008 1 
536 0.027041 1 
537 0.025147 1 
538 0.018676 1 
539 0.022126 1 
540 0.015937 1 
541 0.026331 1 
542 0.031978 1 
543 0.026157 1 
544 0.016310 1 
545 0.016412 1 
546 0.014688 1 
547 0.024693 1 
548 0.016768 1 
549 0.023561 1 
550 0.026504 1 
551 0.026684 1 
552 0.017669 1 
553 0.026951 1 
554 0.016982 1 
555 0.029352 1 
556 0.016902 1 
557 0.022416 1 
558 0.023965 1 
559 0.027233 1 
560 0.031331 1 
561 0.023702 1 
562 0.017112 1 
563 0.029551 1 
564 0.041034 1 
565 0.039913 1 
566 0.037982 1 
567 0.031952 1 
568 0.021397 1 
569 0.025626 1 
570 0.029299 1 
571 0.058299 1 
572 0.042263 1 
573 0.036305 1 
574 0.027400 1 
575 0.015540 1 
576 0.027114 1 
577 0.031066 1 
578 0.029207 1 
579 0.014401 1 
580 0.025614 1 
581 0.017812 1 
582 0.033203 1 
583 0.021199 1 
584 0.024511 1 
585 0.015844 1 
586 0.022765 1 
587 0.013880 1 
588 0.018458 1 
589 0.015604 1 
590 0.030429 1 
591 0.018582 1 
592 0.030699 1 
593 0.018664 1 
594 0.026826 1 
595 0.021764 1 
596 0.020191 1 
597 0.025262 1 
598 0.024573 1 
599 0.021322 1 
600 0.030401 1 
601 0.021330 1 
602 0.032394 1 
603 0.027691 1 
604 0.016120 1 
605 0.017575 1 
606 0.011807 1 
607 0.018349 1 
608 0.015415 1 
609 0.030390 1 
610 0.029800 1 
611 0.025670 1 
612 0.016580 1 
613 0.018343 1 
614 0.050685 1 
615 0.033898 1 
616 0.027509 1 
617 0.027267 1 
618 0.026746 1 
619 0.023714 1 
620 0.018166 1 
621 0.026959 1 
622 0.018958 1 
623 0.026715 1 
624 0.042508 1 
625 0.033266 1 
626 0.040703 1 
627 0.025106 1 
628 0.017336 1 
629 0.024557 1 
630 0.019147 1 
631 0.021093 1 
632 0.036359 1 
633 0.030927 1 
634 0.019948 1 
635 0.031217 1 
636 0.022035 1 
637 0.022275 1 
638 0.028847 1 
639 0.038145 1 
640 0.024856 1 
641 0.028242 1 
642 0.019411 1 
643 0.022562 1 
644 0.020668 1 
645 0.030353 1 
646 0.027665 1 
647 0.033631 1 
648 0.021831 1 
649 0.029638 1 
650 0.031403 1 
651 0.032330 1 
652 0.031800 1 
653 0.023625 1 
654 0.028234 1 
655 0.019202 1 
656 0.023211 1 
657 0.019827 1 
658 0.026921 1 
659 0.037415 1 
660 0.035336 1 
661 0.022434 1 
662 0.022706 1 
663 0.018905 1 
664 0.031311 1 
665 0.020032 1 
666 0.022868 1 
667 0.021246 1 
668 0.044230 1 
669 0.044131 1 
670 0.040157 1 
671 0.030252 1 
672 0.032512 1 
673 0.027358 1 
674 0.021928 1 
675 0.029021 1 
676 0.037756 1 
677 0.025187 1 
678 0.033676 1 
679 0.026716 1 
680 0.032281 1 
681 0.028671 1 
682 0.023662 1 
683 0.022029 1 
684 0.015925 1 
685 0.031152 1 
686 0.016562 1 
687 0.026596 1 
688 0.045399 1 
689 0.028868 1 
690 0.035026 1 
691 0.018760 1 
692 0.017609 1 
693 0.024086 1 
694 0.017662 1 
695 0.029500 1 
696 0.029529 1 
697 0.022932 1 
698 0.024976 1 
699 0.021405 1 
700 0.023710 1 
701 0.033437 1 
702 0.033057 1 
703 0.028944 1 
704 0.032455 1 
705 0.019992 1 
706 0.030429 1 
707 0.021133 1 
708 0.031909 1 
709 0.016967 1 
710 0.031112 1 
711 0.022282 1 
712 0.025137 1 
713 0.016593 1 
714 0.033921 1 
715 0.025555 1 
716 0.021316 1 
717 0.021678 1 
718 0.032595 1 
719 0.057540 1 
720 0.064704 1 
721 0.048012 1 
722 0.031010 1 
723 0.027390 1 
724 0.014595 1 
725 0.014025 1 
726 0.022544 1 
727 0.028256 1 
728 0.029402 1 
729 0.018003 1 
730 0.017372 1 
731 0.023736 1 
732 0.035640 1 
733 0.024480 1 
734 0.025921 1 
735 0.027275 1 
736 0.038923 1 
737 0.035169 1 
738 0.026841 1 
739 0.028131 1 
740 0.014053 1 
741 0.034613 1 
742 0.026306 1 
743 0.016335 1 
744 0.014441 1 
745 0.022114 1 
746 0.015887 1 
747 0.017261 1 
748 0.014313 1 
749 0.023463 1 
750 0.017192 1 
751 0.030586 1 
752 0.025761 1 
753 0.023304 1 
754 0.016724 1 
755 0.021182 1 
756 0.020180 1 
757 0.029059 1 
758 0.032590 1 
759 0.029819 1 
760 0.029063 1 
761 0.018952 1 
762 0.023789 1 
763 0.013837 1 
764 0.034474 1 
765 0.030437 1 
766 0.028323 1 
767 0.015719 1 
768 0.018307 1 
769 0.034573 1 
770 0.029069 1 
771 0.018073 1 
772 0.018327 1 
773 0.014360 1 
774 0.015685 1 
775 0.017807 1 
776 0.032719 1 
777 0.022309 1 
778 0.019705 1 
779 0.016294 1 
780 0.017865 1 
781 0.017479 1 
782 0.028808 1 
783 0.030793 1 
784 0.028244 1 
785 0.017473 1 
786 0.018865 1 
787 0.015217 1 
788 0.034421 1 
789 0.029453 1 
790 0.034779 1 
791 0.021634 1 
792 0.015270 1 
793 0.023947 1 
794 0.018401 1 
795 0.026358 1 
796 0.035191 1 
797 0.029969 1 
798 0.026552 1 
799 0.021322 1 
800 0.017760 1 
801 0.049516 1 
802 0.033377 1 
803 0.026782 1 
804 0.015465 1 
805 0.021781 1 
806 0.032542 1 
807 0.033659 1 
808 0.029300 1 
809 0.022578 1 
810 0.018100 1 
811 0.015881 1 
812 0.017547 1 
813 0.036131 1 
814 0.026128 1 
815 0.025569 1 
816 0.041488 1 
817 0.031496 1 
818 0.017507 1 
819 0.033406 1 
820 0.027111 1 
821 0.024590 1 
822 0.027707 1 
823 0.016774 1 
824 0.026438 1 
825 0.016345 1 
826 0.032594 1 
827 0.018021 1 
828 0.018181 1 
829 0.013829 1 
830 0.047024 1 
831 0.053887 1 
832 0.037213 1 
833 0.048379 1 
834 0.062341 1 
835 0.046207 1 
836 0.029515 1 
837 0.040158 1 
838 0.037379 1 
839 0.036094 1 
840 0.035135 1 
841 0.029298 1 
842 0.018241 1 
843 0.034230 1 
844 0.030370 1 
845 0.048129 1 
846 0.053144 1 
847 0.036532 1 
848 0.032818 1 
849 0.026689 1 
850 0.031312 1 
851 0.042352 1 
852 0.025949 1 
853 0.033414 1 
854 0.038218 1 
855 0.040663 1 
856 0.053156 1 
857 0.050615 1 
858 0.051684 1 
859 0.034966 1 
860 0.025507 1 
861 0.018611 1 
862 0.039515 1 
863 0.029204 1 
864 0.032018 1 
865 0.023253 1 
866 0.050370 1 
867 0.050126 1 
868 0.044846 1 
869 0.063893 1 
870 0.051112 1 
871 0.060546 1 
872 0.044020 1 
873 0.062500 1 
874 0.045968 1 
875 0.036153 1 
876 0.025725 1 
877 0.018452 1 
878 0.019444 1 
879 0.014975 1 
880 0.045340 1 
881 0.056964 1 
882 0.052562 1 
883 0.054744 1 
884 0.045755 1 
885 0.068923 1 
886 0.068263 1 
887 0.052187 1 
888 0.050535 1 
889 0.057241 1 
890 0.061486 1 
891 0.059061 1 
892 0.042915 1 
893 0.038770 1 
894 0.041588 1 
895 0.029815 1 
896 0.024014 1 
897 0.045883 1 
898 0.067924 1 
899 0.067994 1 
900 0.051730 1 
901 0.088078 1 
902 0.071328 1 
903 0.140115 1 
904 0.124075 1 
905 0.107278 1 
906 0.099282 1 
907 0.172522 1 
908 0.155985 1 
909 0.139675 1 
910 0.173968 1 
914 0.106882 1 
915 0.114301 1 
916 0.098010 1 
917 0.081314 1 
919 0.073880 1 
920 0.063285 1 
921 0.059337 1 
922 0.042653 1 
923 0.044402 1 
924 0.052408 1 
925 0.035516 1 
926 0.027904 1 
927 0.016915 1 
928 0.027748 1 
929 0.017474 1 
930 0.032037 1 
931 0.015962 1 
932 0.026114 1 
933 0.014659 1 
934 0.016805 1 
935 0.025760 1 
936 0.029269 1 
937 0.018181 1 
938 0.017662 1 
939 0.012291 1 
940 0.021266 1 
941 0.021680 1 
942 0.021219 1 
943 0.034036 1 
944 0.022503 1 
945 0.018374 1 
946 0.024563 1 
947 0.031306 1 
948 0.029298 1 
949 0.045969 1 
950 0.029963 1 
951 0.025367 1 
952 0.016899 1 
953 0.023930 1 
954 0.017067 1 
955 0.027974 1 
956 0.030328 1 
957 0.033417 1 
958 0.021332 1 
959 0.029209 1 
960 0.030021 1 
961 0.034728 1 
962 0.038855 1 
963 0.033735 1 
964 0.028517 1 
965 0.035872 1 
966 0.023755 1 
967 0.032867 1 
968 0.035476 1 
969 0.027296 1 
970 0.016787 1 
971 0.016829 1 
972 0.035546 1 
973 0.063615 1 
974 0.047133 1 
975 0.030416 1 
976 0.017744 1 
977 0.025364 1 
978 0.015266 1 
979 0.034869 1 
980 0.024469 1 
981 0.032090 1 
982 0.026244 1 
983 0.023280 1 
984 0.018840 1 
985 0.030293 1 
986 0.022844 1 
987 0.031204 1 
988 0.018263 1 
989 0.025631 1 
990 0.018889 1 
991 0.028162 1 
992 0.028748 1 
993 0.025358 1 
994 0.020737 1 
995 0.019092 1 
996 0.022522 1 
997 0.041347 1 
998 0.041431 1 
999 0.034963 1 
1000 0.028750 1 
1001 0.031520 1 
1002 0.028436 1 
1003 0.022777 1 
1004 0.034866 1 
1005 0.031433 1 
1006 0.025590 1 
1007 0.016379 1 
1008 0.015968 1 
1009 0.014956 1 
1010 0.035415 1 
1011 0.035284 1 
1012 0.023796 1 
1013 0.017372 1 
1014 0.018187 1 
1015 0.017444 1 
1016 0.028362 1 
1017 0.029984 1 
1018 0.022612 1 
1019 0.025102 1 
1020 0.017857 1 
1021 0.022240 1 
1022 0.016532 1 
1023 0.030935 1 
1024 0.030126 1 
1025 0.025596 1 
1026 0.014917 1 
1027 0.026550 1 
1028 0.017253 1 
1029 0.031494 1 
1030 0.016819 1 
1031 0.024307 1 
1032 0.016979 1 
1033 0.021109 1 
1034 0.017534 1 
1035 0.026916 1 
1036 0.023909 1 
1037 0.034546 1 
1038 0.028847 1 
1039 0.033564 1 
1040 0.026625 1 
1041 0.044965 1 
1042 0.065871 1 
1043 0.049849 1 
1044 0.033942 1 
1045 0.040617 1 
1046 0.050459 1 
1047 0.094617 1 
1048 0.078503 1 
1049 0.062361 1 
1052 0.057128 1 
1053 0.049996 1 
1054 0.057895 1 
1055 0.041824 1 
1056 0.033113 1 
1057 0.036415 1 
1058 0.037799 1 
1059 0.030364 1 
1060 0.027577 1 
1061 0.044011 1 
1062 0.028014 1 
1063 0.017067 1 
1064 0.013906 1 
1065 0.020292 1 
1066 0.026932 1 
1067 0.034050 1 
1068 0.030687 1 
1069 0.025358 1 
1070 0.015237 1 
1071 0.018901 1 
1072 0.015675 1 
1073 0.030493 1 
1074 0.027563 1 
1075 0.025762 1 
1076 0.014413 1 
1077 0.026038 1 
1078 0.026613 1 
1079 0.040149 1 
1080 0.034472 1 
1081 0.022957 1 
1082 0.016127 1 
1083 0.018584 1 
1084 0.025263 1 
1085 0.023186 1 
1086 0.033248 1 
1087 0.025904 1 
1088 0.018909 1 
1089 0.025671 1 
1090 0.019255 1 
1091 0.016825 1 
1092 0.053712 1 
1093 0.037070 1 
1094 0.051111 1 
1095 0.035193 1 
1096 0.036473 1 
1097 0.034344 1 
1098 0.032971 1 
1099 0.025428 1 
1100 0.033975 1 
1101 0.033307 1 
1102 0.029357 1 
1103 0.025246 1 
1104 0.031054 1 
1105 0.017445 1 
1106 0.024192 1 
1107 0.026302 1 
1108 0.034228 1 
1109 0.042484 1 
1110 0.043976 1 
1111 0.038297 1 
1112 0.038028 1 
1113 0.029892 1 
1114 0.026203 1 
1115 0.021698 1 
1116 0.017484 1 
1117 0.029979 1 
1118 0.031073 1 
1119 0.025075 1 
1120 0.014679 1 
1121 0.024993 1 
1122 0.017911 1 
1123 0.031063 1 
1124 0.024802 1 
1125 0.023453 1 
1126 0.028856 1 
1127 0.026120 1 
1128 0.022208 1 
1129 0.043304 1 
1130 0.027256 1 
1131 0.029310 1 
1132 0.017534 1 
1133 0.015993 1 
1134 0.015586 1 
1135 0.028067 1 
1136 0.024155 1 
1137 0.022461 1 
1138 0.014280 1 
1139 0.017529 1 
1140 0.024899 1 
1141 0.025263 1 
1142 0.024275 1 
1143 0.024898 1 
1144 0.017222 1 
1145 0.023464 1 
1146 0.017051 1 
1147 0.027694 1 
1148 0.027316 1 
1149 0.044382 1 
1150 0.031267 1 
1151 0.020834 1 
1152 0.023088 1 
1153 0.029128 1 
1154 0.030568 1 
1155 0.026569 1 
1156 0.031661 1 
1157 0.021402 1 
1158 0.019467 1 
1159 0.017777 1 
1160 0.033715 1 
1161 0.037948 1 
1162 0.027791 1 
1163 0.016490 1 
1164 0.018739 1 
1165 0.016924 1 
1166 0.023616 1 
1167 0.021555 1 
1168 0.025304 1 
1169 0.018656 1 
1170 0.017199 1 
1171 0.014442 1 
1172 0.033398 1 
1173 0.032033 1 
1174 0.030711 1 
1175 0.026973 1 
1176 0.014929 1 
1177 0.016196 1 
1178 0.031590 1 
1179 0.029734 1 
1180 0.026239 1 
1181 0.018001 1 
1182 0.013742 1 
1183 0.019276 1 
1184 0.021245 1 
1185 0.025342 1 
1186 0.022908 1 
1187 0.022241 1 
1188 0.027370 1 
1189 0.027980 1 
1190 0.022337 1 
1191 0.033910 1 
1192 0.027528 1 
1193 0.031993 1 
1194 0.024733 1 
1195 0.026922 1 
1196 0.027426 1 
1197 0.036735 1 
1198 0.041551 1 
1199 0.025058 1 
1200 0.033847 1 
1201 0.025630 1 
1202 0.014730 1 
1203 0.032339 1 
1204 0.024244 1 
1205 0.026810 1 
1206 0.027870 1 
1207 0.014665 1 
1208 0.016381 1 
1209 0.014314 1 
1210 0.032261 1 
1211 0.027381 1 
1212 0.027391 1 
1213 0.015310 1 
1214 0.020019 1 
1215 0.028118 1 
1216 0.048457 1 
1217 0.031812 1 
1218 0.029055 1 
1219 0.026419 1 
1220 0.023037 1 
1221 0.017702 1 
1222 0.030919 1 
1223 0.029951 1 
1224 0.034597 1 
1225 0.034676 1 
1226 0.025852 1 
1227 0.025045 1 
1228 0.031556 1 
1229 0.031887 1 
1230 0.029022 1 
1231 0.017297 1 
1232 0.031925 1 
1233 0.019133 1 
1234 0.056300 1 
1235 0.039789 1 
1236 0.034310 1 
1237 0.029925 1 
1238 0.027997 1 
1239 0.013328 1 
1240 0.024910 1 
1241 0.032827 1 
1242 0.030990 1 
1243 0.025999 1 
1244 0.023624 1 
1245 0.020555 1 
1246 0.033531 1 
1247 0.031409 1 
1248 0.031216 1 
1249 0.032427 1 
1250 0.016979 1 
1251 0.022570 1 
1252 0.020399 1 
1253 0.030991 1 
1254 0.018934 1 
1255 0.025353 1 
1256 0.014508 1 
1257 0.025385 1 
1258 0.030878 1 
1259 0.058836 1 
1260 0.050722 1 
1261 0.041102 1 
1262 0.040586 1 
1263 0.037546 1 
1264 0.036561 1 
1265 0.030601 1 
1266 0.017470 1 
1267 0.016709 1 
1268 0.016165 1 
1269 0.020019 1 
1270 0.017988 1 
1271 0.030188 1 
1272 0.021810 1 
1273 0.031739 1 
1274 0.030962 1 
1275 0.029904 1 
1276 0.017750 1 
1277 0.024176 1 
1278 0.028134 1 
1279 0.029062 1 
1280 0.026951 1 
1281 0.026830 1 
1282 0.016084 1 
1283 0.034136 1 
1284 0.023521 1 
1285 0.023764 1 
1286 0.024567 1 
1287 0.014889 1 
1288 0.017215 1 
1289 0.038434 1 
1290 0.030281 1 
1291 0.024232 1 
1292 0.024980 1 
1293 0.030623 1 
1294 0.025260 1 
1295 0.025091 1 
1296 0.040280 1 
1297 0.029450 1 
1298 0.027649 1 
1299 0.017422 1 
1300 0.029213 1 
1301 0.018959 1 
1302 0.033260 1 
1303 0.029595 1 
1304 0.027220 1 
1305 0.015869 1 
1306 0.030046 1 
1307 0.021142 1 
1308 0.032218 1 
1309 0.033928 1 
1310 0.030918 1 
1311 0.027303 1 
1312 0.019763 1 
1313 0.025833 1 
1314 0.029062 1 
1315 0.023002 1 
1316 0.032479 1 
1317 0.024945 1 
1318 0.013898 1 
1319 0.017361 1 
1320 0.028584 1 
1321 0.030684 1 
1322 0.031391 1 
1323 0.026618 1 
1324 0.025537 1 
1325 0.033688 1 
1326 0.018312 1 
1327 0.030806 1 
1328 0.026415 1 
1329 0.029493 1 
1330 0.052804 1 
1331 0.058021 1 
1332 0.048839 1 
1333 0.052869 1 
1334 0.050241 1 
1335 0.039597 1 
1336 0.051886 1 
1337 0.035342 1 
1338 0.031446 1 
1339 0.036099 1 
1340 0.038980 1 
1341 0.031000 1 
1342 0.019117 1 
1343 0.037688 1 
1344 0.060420 1 
1345 0.044145 1 
1346 0.041887 1 
1347 0.036865 1 
1348 0.031804 1 
1349 0.057493 1 
1350 0.041002 1 
1351 0.058851 1 
1352 0.064781 1 
1353 0.048257 1 
1354 0.060593 1 
1355 0.063856 1 
1356 0.072768 1 
1357 0.070497 1 
1358 0.053898 1 
1359 0.046906 1 
1360 0.054805 1 
1361 0.045220 1 
1362 0.050101 1 
1363 0.034129 1 
1364 0.032718 1 
1365 0.018818 1 
1366 0.034232 1 
1367 0.031633 1 
1368 0.022487 1 
1369 0.019483 1 
1370 0.030437 1 
1371 0.029898 1 
1372 0.022265 1 
1373 0.018262 1 
1374 0.032157 1 
1375 0.028540 1 
1376 0.066772 1 
1377 0.050891 1 
1378 0.035487 1 
1379 0.028102 1 
1380 0.026187 1 
1381 0.015038 1 
1382 0.030379 1 
1383 0.032478 1 
1384 0.016698 1 
1385 0.023313 1 
1386 0.031406 1 
1387 0.018925 1 
1388 0.019123 1 
1389 0.034801 1 
1390 0.024693 1 
1391 0.032704 1 
1392 0.016919 1 
1393 0.028404 1 
1394 0.046051 1 
1395 0.029539 1 
1396 0.019034 1 
1397 0.032147 1 
1398 0.022192 1 
1399 0.022278 1 
1400 0.035226 1 
1401 0.037281 1 
1402 0.032594 1 
1403 0.027867 1 
1404 0.016048 1 
1405 0.015295 1 
1406 0.014169 1 
1407 0.024024 1 
1408 0.034442 1 
1409 0.027794 1 
1410 0.017640 1 
1411 0.017542 1 
1412 0.039394 1 
1413 0.057115 1 
1414 0.058451 1 
1415 0.042592 1 
1416 0.034122 1 
1417 0.020425 1 
1418 0.050031 1 
1419 0.033484 1 
1420 0.044974 1 
1421 0.031325 1 
1422 0.027200 1 
1423 0.017327 1 
1424 0.027352 1 
1425 0.021399 1 
1426 0.036968 1 
1427 0.028789 1 
1428 0.028195 1 
1429 0.015903 1 
1430 0.018229 1 
1431 0.013946 1 
1432 0.028226 1 
1433 0.022432 1 
1434 0.030386 1 
1435 0.017352 1 
1436 0.016267 1 
1437 0.037086 1 
1438 0.020570 1 
1439 0.027887 1 
1440 0.035371 1 
1441 0.028603 1 
1442 0.020479 1 
1443 0.023499 1 
1444 0.032443 1 
1445 0.046446 1 
1446 0.038994 1 
1447 0.025871 1 
1448 0.017341 1 
1449 0.016937 1 
1450 0.022804 1 
1451 0.029243 1 
1452 0.038801 1 
1453 0.032429 1 
1454 0.030566 1 
1455 0.026209 1 
1456 0.042470 1 
1457 0.046329 1 
1458 0.033618 1 
1459 0.025665 1 
1460 0.024325 1 
1461 0.022064 1 
1462 0.034764 1 
1463 0.036319 1 
1464 0.027243 1 
1465 0.027318 1 
1466 0.015488 1 
1467 0.017930 1 
1468 0.025804 1 
1469 0.036755 1 
1470 0.028032 1 
1471 0.025951 1 
1472 0.019520 1 
1473 0.034752 1 
1474 0.039272 1 
1475 0.040985 1 
1476 0.048625 1 
1477 0.043810 1 
1478 0.027709 1 
1479 0.023145 1 
1480 0.027582 1 
1481 0.047170 1 
1482 0.048283 1 
1483 0.032396 1 
1484 0.029475 1 
1485 0.016953 1 
1486 0.029531 1 
1487 0.018602 1 
1488 0.047556 1 
1489 0.031077 1 
1490 0.030767 1 
1491 0.027435 1 
1492 0.026065 1 
1493 0.022140 1 
1494 0.023528 1 
1495 0.022441 1 
1496 0.032656 1 
1497 0.031576 1 
1498 0.029854 1 
1499 0.031990 1 
1500 0.033185 1 
1501 0.051601 1 
1502 0.065153 1 
1503 0.048401 1 
1504 0.099110 1 
1505 0.087662 1 
1506 0.071572 1 
1507 0.076118 1 
1508 0.078455 1 
1509 0.086408 1 
1510 0.084513 1 
1511 0.078503 1 
1512 0.072125 1 
1513 0.084274 1 
1514 0.077292 1 
1515 0.076745 1 
1516 0.080093 1 
1517 0.078758 1 
1518 0.070060 1 
1519 0.064414 1 
1520 0.066540 1 
1521 0.090821 1 
1522 0.074709 1 
1523 0.076232 1 
1524 0.063682 1 
1525 0.060509 1 
1526 0.044421 1 
1527 0.044540 1 
1528 0.041569 1 
1529 0.033180 1 
1530 0.023449 1 
1531 0.036061 1 
1532 0.033992 1 
1533 0.028465 1 
1534 0.029898 1 
1535 0.024510 1 
1536 0.018744 1 
1537 0.041316 1 
1538 0.037059 1 
1539 0.029849 1 
1540 0.020962 1 
1541 0.017141 1 
1542 0.027339 1 
1543 0.027102 1 
1544 0.030925 1 
1545 0.020658 1 
1546 0.017841 1 
1547 0.013866 1 
1548 0.022066 1 
1549 0.017151 1 
1550 0.026130 1 
1551 0.013728 1 
1552 0.023529 1 
1553 0.016301 1 
1554 0.027008 1 
1555 0.016820 1 
1556 0.049924 1 
1557 0.045861 1 
1558 0.032091 1 
1559 0.019122 1 
1560 0.033972 1 
1561 0.017556 1 
1562 0.026665 1 
1563 0.018417 1 
1564 0.029633 1 
1565 0.016165 1 
1566 0.030797 1 
1567 0.018212 1 
1568 0.056772 1 
1569 0.040117 1 
1570 0.034061 1 
1571 0.037677 1 
1572 0.033444 1 
1573 0.031941 1 
1574 0.035346 1 
1575 0.041065 1 
1576 0.044671 1 
1577 0.027826 1 
1578 0.032262 1 
1579 0.020584 1 
1580 0.059243 1 
1581 0.050709 1 
1582 0.040711 1 
1583 0.042109 1 
1584 0.054738 1 
1585 0.037972 1 
1586 0.037740 1 
1587 0.040914 1 
1588 0.033203 1 
1589 0.026462 1 
1590 0.024772 1 
1591 0.029049 1 
1592 0.032401 1 
1593 0.032445 1 
1594 0.028538 1 
1595 0.027150 1 
1596 0.018079 1 
1597 0.018435 1 
1598 0.016760 1 
1599 0.051074 1 
1600 0.034134 1 
1601 0.029564 1 
1602 0.016582 1 
1603 0.023566 1 
1604 0.017853 1 
1605 0.034199 1 
1606 0.030402 1 
1607 0.031927 1 
1608 0.017573 1 
1609 0.018125 1 
1610 0.033485 1 
1611 0.030534 1 
1612 0.026309 1 
1613 0.022771 1 
1614 0.015367 1 
1615 0.026430 1 
1616 0.023324 1 
1617 0.035422 1 
1618 0.019872 1 
1619 0.027183 1 
1620 0.017910 1 
1621 0.028930 1 
1622 0.024881 1 
1623 0.037720 1 
1624 0.046450 1 
1625 0.038399 1 
1626 0.035601 1 
1627 0.033169 1 
1628 0.025868 1 
1629 0.050770 1 
1630 0.034649 1 
1631 0.034877 1 
1632 0.030904 1 
1633 0.021348 1 
1634 0.024304 1 
1635 0.036376 1 
1636 0.042894 1 
1637 0.031443 1 
1638 0.021433 1 
1639 0.036795 1 
1640 0.034942 1 
1641 0.029358 1 
1642 0.036046 1 
1643 0.031105 1 
1644 0.022217 1 
1645 0.018350 1 
1646 0.025736 1 
1647 0.047912 1 
1648 0.038182 1 
1649 0.038676 1 
1650 0.033736 1 
1651 0.028090 1 
1652 0.028268 1 
1653 0.028561 1 
1654 0.029939 1 
1655 0.037107 1 
1656 0.027308 1 
1657 0.019255 1 
1658 0.014909 1 
1659 0.019747 1 
1660 0.029166 1 
1661 0.041080 1 
1662 0.040637 1 
1663 0.043121 1 
1664 0.036486 1 
1665 0.023634 1 
1666 0.029873 1 
1667 0.037162 1 
1668 0.033945 1 
1669 0.026358 1 
1670 0.015934 1 
1671 0.019961 1 
1672 0.019672 1 
1673 0.037289 1 
1674 0.032211 1 
1675 0.031285 1 
1676 0.021142 1 
1677 0.014520 1 
1678 0.017685 1 
1679 0.035081 1 
1680 0.027665 1 
1681 0.018785 1 
1682 0.016025 1 
1683 0.018746 1 
1684 0.019110 1 
1685 0.026514 1 
1686 0.028031 1 
1687 0.034935 1 
1688 0.022681 1 
1689 0.021348 1 
1690 0.016623 1 
1691 0.016513 1 
1692 0.029261 1 
1693 0.022848 1 
1694 0.017644 1 
1695 0.014828 1 
1696 0.017055 1 
1697 0.014947 1 
1698 0.044746 1 
1699 0.043719 1 
1700 0.039758 1 
1701 0.029673 1 
1702 0.030520 1 
1703 0.015418 1 
1704 0.028131 1 
1705 0.027746 1 
1706 0.024012 1 
1707 0.017479 1 
1708 0.018938 1 
1709 0.017467 1 
1710 0.036290 1 
1711 0.047011 1 
1712 0.030548 1 
1713 0.028047 1 
1714 0.018370 1 
1715 0.021962 1 
1716 0.039182 1 
1717 0.043252 1 
1718 0.027209 1 
1719 0.016690 1 
1720 0.016316 1 
1721 0.017185 1 
1722 0.026052 1 
1723 0.031095 1 
1724 0.025247 1 
1725 0.018192 1 
1726 0.015487 1 
1727 0.015617 1 
1728 0.029215 1 
1729 0.031110 1 
1730 0.025143 1 
1731 0.024312 1 
1732 0.025726 1 
1733 0.031498 1 
1734 0.021805 1 
1735 0.049994 1 
1736 0.033943 1 
1737 0.025172 1 
1738 0.013895 1 
1739 0.017529 1 
1740 0.018258 1 
1741 0.033745 1 
1742 0.033984 1 
1743 0.025589 1 
1744 0.014776 1 
1745 0.017123 1 
1746 0.016267 1 
1747 0.026738 1 
1748 0.027110 1 
1749 0.030580 1 
1750 0.023203 1 
1751 0.026955 1 
1752 0.028084 1 
1753 0.036278 1 
1754 0.028433 1 
1755 0.030870 1 
1756 0.026067 1 
1757 0.022469 1 
1758 0.029549 1 
1759 0.043902 1 
1760 0.057436 1 
1761 0.061433 1 
1762 0.045095 1 
1763 0.111501 1 
1764 0.095473 1 
1765 0.079333 1 
1766 0.063196 1 
1767 0.047156 1 
1768 0.060762 1 
1769 0.089134 1 
1770 0.072640 1 
1771 0.064883 1 
1772 0.055759 1 
1773 0.051279 1 
1774 0.063384 1 
1775 0.059822 1 
1776 0.071334 1 
1777 0.070974 1 
1778 0.054641 1 
1779 0.057864 1 
1780 0.046693 1 
1781 0.049857 1 
1782 0.033367 1 
1783 0.051540 1 
1784 0.039095 1 
1785 0.032960 1 
1786 0.027540 1 
1787 0.014970 1 
1788 0.032243 1 
1789 0.017435 1 
1790 0.035250 1 
1791 0.023333 1 
1792 0.026061 1 
1793 0.022133 1 
1794 0.028164 1 
1795 0.017503 1 
1796 0.026384 1 
1797 0.034894 1 
1798 0.025643 1 
1799 0.021534 1 
1800 0.028103 1 
1801 0.027180 1 
1802 0.045806 1 
1803 0.035642 1 
1804 0.033148 1 
1805 0.020957 1 
1806 0.034390 1 
1807 0.025904 1 
1808 0.041100 1 
1809 0.040030 1 
1810 0.031282 1 
1811 0.028089 1 
1812 0.026816 1 
1813 0.022710 1 
1814 0.021563 1 
