2024-08-14 19:52:21
../stream-replay/logs/rtt-6205@128.txt
1 0.020813 0 
2 0.017277 0 
3 0.027840 0 
4 0.029110 0 
5 0.020463 0 
6 0.017430 0 
7 0.016614 0 
8 0.022819 0 
9 0.010583 0 
10 0.013955 0 
11 0.017637 0 
12 0.013061 0 
13 0.019193 0 
14 0.012787 0 
15 0.020259 0 
16 0.014536 0 
17 0.016689 0 
18 0.022700 0 
19 0.009640 0 
20 0.016409 0 
21 0.034525 0 
22 0.017976 0 
23 0.007478 0 
24 0.012944 0 
25 0.013203 0 
26 0.049580 0 
27 0.032521 0 
28 0.016173 0 
29 0.022653 0 
30 0.022938 0 
31 0.017327 0 
32 0.024897 0 
33 0.010682 0 
34 0.018588 0 
35 0.017759 0 
36 0.023143 0 
37 0.028509 0 
38 0.012195 0 
39 0.020298 0 
40 0.025261 0 
41 0.010662 0 
42 0.009175 0 
43 0.037799 0 
44 0.021627 0 
45 0.018603 0 
46 0.020678 0 
47 0.021033 0 
48 0.031965 0 
49 0.020337 0 
50 0.016523 0 
51 0.017056 0 
52 0.023311 0 
53 0.028717 0 
54 0.025455 0 
55 0.015116 0 
56 0.024406 0 
57 0.015236 0 
58 0.027823 0 
59 0.011567 0 
60 0.016836 0 
61 0.017464 0 
62 0.017666 0 
63 0.030607 0 
64 0.017763 0 
65 0.034965 0 
66 0.018524 0 
67 0.035498 0 
68 0.018342 0 
69 0.024120 0 
70 0.017639 0 
71 0.018289 0 
72 0.017286 0 
73 0.026119 0 
74 0.009525 0 
75 0.032514 0 
76 0.037657 0 
77 0.021550 0 
78 0.020067 0 
79 0.030153 0 
80 0.025463 0 
81 0.015273 0 
82 0.029232 0 
83 0.012811 0 
84 0.024789 0 
85 0.011586 0 
86 0.011186 0 
87 0.012204 0 
88 0.025715 0 
89 0.019038 0 
90 0.018412 0 
91 0.014685 0 
92 0.023385 0 
93 0.017963 0 
94 0.015050 0 
95 0.023401 0 
96 0.017584 0 
97 0.022017 0 
98 0.018379 0 
99 0.019654 0 
100 0.027386 0 
101 0.015340 0 
102 0.017273 0 
103 0.034374 0 
104 0.022198 0 
105 0.012624 0 
106 0.015881 0 
107 0.037231 0 
108 0.020772 0 
109 0.022113 0 
110 0.028631 0 
111 0.019539 0 
112 0.015421 0 
113 0.022741 0 
114 0.015129 0 
115 0.032071 0 
116 0.015610 0 
117 0.044087 0 
118 0.027731 0 
119 0.021271 0 
120 0.020708 0 
121 0.018970 0 
122 0.020610 0 
123 0.036489 0 
124 0.019980 0 
125 0.020745 0 
126 0.025676 0 
127 0.019419 0 
128 0.024814 0 
129 0.018483 0 
130 0.011972 0 
131 0.025627 0 
132 0.023836 0 
133 0.018991 0 
134 0.012771 0 
135 0.037125 0 
136 0.019463 0 
137 0.011858 0 
138 0.032573 0 
139 0.023856 0 
140 0.015208 0 
141 0.025197 0 
142 0.017755 0 
143 0.016391 0 
144 0.041968 0 
145 0.025630 0 
146 0.014767 0 
147 0.024142 0 
148 0.026485 0 
149 0.023971 0 
150 0.019842 0 
151 0.031392 0 
152 0.027499 0 
153 0.019598 0 
154 0.018122 0 
155 0.020019 0 
156 0.012504 0 
157 0.026434 0 
158 0.042672 0 
159 0.026120 0 
160 0.019742 0 
161 0.026910 0 
162 0.022607 0 
163 0.013806 0 
164 0.013766 0 
165 0.032457 0 
166 0.018233 0 
167 0.036858 0 
168 0.028765 0 
169 0.029640 0 
170 0.025500 0 
171 0.018178 0 
172 0.031627 0 
173 0.018044 0 
174 0.016304 0 
175 0.019117 0 
176 0.021063 0 
177 0.016156 0 
178 0.020594 0 
179 0.021954 0 
180 0.017174 0 
181 0.038147 0 
182 0.021754 0 
183 0.029038 0 
184 0.025523 0 
185 0.030650 0 
186 0.014205 0 
187 0.021587 0 
188 0.030758 0 
189 0.014418 0 
190 0.021807 0 
191 0.018821 0 
192 0.019231 0 
193 0.024971 0 
194 0.013492 0 
195 0.025331 0 
196 0.015670 0 
197 0.012466 0 
198 0.022604 0 
199 0.024691 0 
200 0.049589 0 
201 0.032243 0 
202 0.018594 0 
203 0.022221 0 
204 0.010517 0 
205 0.017206 0 
206 0.035521 0 
207 0.021959 0 
208 0.019365 0 
209 0.045129 0 
210 0.033359 0 
211 0.017033 0 
212 0.027308 0 
213 0.039805 0 
214 0.023353 0 
215 0.038870 0 
216 0.022654 0 
217 0.017361 0 
218 0.029085 0 
219 0.012464 0 
220 0.022333 0 
221 0.021342 0 
222 0.015242 0 
223 0.026433 0 
224 0.024767 0 
225 0.036335 0 
226 0.020193 0 
227 0.027966 0 
228 0.015188 0 
229 0.020372 0 
230 0.028150 0 
231 0.011468 0 
232 0.024723 0 
233 0.023426 0 
234 0.017231 0 
235 0.029305 0 
236 0.022176 0 
237 0.027546 0 
238 0.020788 0 
239 0.030043 0 
240 0.025230 0 
241 0.019564 0 
242 0.038290 0 
243 0.021680 0 
244 0.017091 0 
245 0.029511 0 
246 0.020926 0 
247 0.030814 0 
248 0.024501 0 
249 0.031100 0 
250 0.014581 0 
251 0.020606 0 
252 0.022376 0 
253 0.021468 0 
254 0.029159 0 
255 0.027903 0 
256 0.016069 0 
257 0.021421 0 
258 0.038110 0 
259 0.049316 0 
260 0.032578 0 
261 0.023905 0 
262 0.019146 0 
263 0.022651 0 
264 0.029333 0 
265 0.033516 0 
266 0.030622 0 
267 0.013728 0 
268 0.021182 0 
269 0.033792 0 
270 0.017371 0 
271 0.014494 0 
272 0.031547 0 
273 0.015284 0 
274 0.017575 0 
275 0.028934 0 
276 0.038824 0 
277 0.055829 0 
278 0.039047 0 
279 0.035025 0 
280 0.018609 0 
281 0.035073 0 
282 0.018328 0 
283 0.025503 0 
284 0.017323 0 
285 0.022519 0 
286 0.019972 0 
287 0.008422 0 
288 0.026615 0 
289 0.032491 0 
290 0.029140 0 
291 0.017355 0 
292 0.034395 0 
293 0.018016 0 
294 0.020600 0 
295 0.026543 0 
296 0.016592 0 
297 0.017503 0 
298 0.019589 0 
299 0.018233 0 
300 0.015340 0 
301 0.023499 0 
302 0.022465 0 
303 0.028858 0 
304 0.030696 0 
305 0.021571 0 
306 0.024946 0 
307 0.014090 0 
308 0.034435 0 
309 0.018029 0 
310 0.012625 0 
311 0.018148 0 
312 0.030476 0 
313 0.024112 0 
314 0.009197 0 
315 0.036700 0 
316 0.039716 0 
317 0.023856 0 
318 0.039308 0 
319 0.031989 0 
320 0.015821 0 
321 0.018291 0 
322 0.021994 0 
323 0.019995 0 
324 0.018428 0 
325 0.013215 0 
326 0.020974 0 
327 0.007215 0 
328 0.012891 0 
329 0.009681 0 
330 0.021425 0 
331 0.012747 0 
332 0.013908 0 
333 0.020623 0 
334 0.023635 0 
335 0.014570 0 
336 0.030447 0 
337 0.015001 0 
338 0.013586 0 
339 0.022654 0 
340 0.035202 0 
341 0.036185 0 
342 0.017098 0 
343 0.038609 0 
344 0.027975 0 
345 0.011739 0 
346 0.018482 0 
347 0.020473 0 
348 0.010957 0 
349 0.030913 0 
350 0.030036 0 
351 0.013962 0 
352 0.027734 0 
353 0.011349 0 
354 0.035807 0 
355 0.019480 0 
356 0.027458 0 
357 0.013331 0 
358 0.019110 0 
359 0.016596 0 
360 0.019888 0 
361 0.022730 0 
362 0.015645 0 
363 0.049117 0 
364 0.032618 0 
365 0.016546 0 
366 0.023905 0 
367 0.022202 0 
368 0.019590 0 
369 0.043237 0 
370 0.026836 0 
371 0.015389 0 
372 0.025173 0 
373 0.022645 0 
374 0.019678 0 
375 0.016353 0 
376 0.021234 0 
377 0.025002 0 
378 0.020855 0 
379 0.025475 0 
380 0.017255 0 
381 0.018962 0 
382 0.021656 0 
383 0.031092 0 
384 0.016498 0 
385 0.016673 0 
386 0.021385 0 
387 0.021695 0 
388 0.008948 0 
389 0.009241 0 
390 0.048514 0 
391 0.032264 0 
392 0.017363 0 
393 0.032148 0 
394 0.017988 0 
395 0.018411 0 
396 0.022639 0 
397 0.020608 0 
398 0.036749 0 
399 0.020314 0 
400 0.023286 0 
401 0.019516 0 
402 0.036453 0 
403 0.019937 0 
404 0.023164 0 
405 0.017474 0 
406 0.018064 0 
407 0.022490 0 
408 0.011078 0 
409 0.030369 0 
410 0.043384 0 
411 0.027326 0 
412 0.015023 0 
413 0.017846 0 
414 0.021584 0 
415 0.041217 0 
416 0.024682 0 
417 0.024502 0 
418 0.033396 0 
419 0.034486 0 
420 0.017294 0 
421 0.013777 0 
422 0.012799 0 
423 0.025055 0 
424 0.012311 0 
425 0.034919 0 
426 0.024263 0 
427 0.020074 0 
428 0.013660 0 
429 0.014835 0 
430 0.035320 0 
431 0.018838 0 
432 0.013465 0 
433 0.020573 0 
434 0.023444 0 
435 0.055856 0 
436 0.039622 0 
437 0.038788 0 
438 0.022319 0 
439 0.025609 0 
440 0.024486 0 
441 0.015542 0 
442 0.016434 0 
443 0.018218 0 
444 0.012643 0 
445 0.026855 0 
446 0.018013 0 
447 0.019981 0 
448 0.027629 0 
449 0.015064 0 
450 0.011334 0 
451 0.024612 0 
452 0.011263 0 
453 0.018338 0 
454 0.024452 0 
455 0.021085 0 
456 0.021985 0 
457 0.012694 0 
458 0.015877 0 
459 0.013363 0 
460 0.011650 0 
461 0.013686 0 
462 0.018644 0 
463 0.022280 0 
464 0.013266 0 
465 0.011437 0 
466 0.013670 0 
467 0.017765 0 
468 0.027442 0 
469 0.018766 0 
470 0.039500 0 
471 0.036829 0 
472 0.020477 0 
473 0.015182 0 
474 0.021150 0 
475 0.028679 0 
476 0.026781 0 
477 0.019512 0 
478 0.023183 0 
479 0.012239 0 
480 0.017207 0 
481 0.033914 0 
482 0.017470 0 
483 0.013281 0 
484 0.036205 0 
485 0.029826 0 
486 0.021734 0 
487 0.032519 0 
488 0.016422 0 
489 0.020011 0 
490 0.016412 0 
491 0.010670 0 
492 0.016729 0 
493 0.016855 0 
494 0.052956 0 
495 0.036508 0 
496 0.023592 0 
497 0.013632 0 
498 0.019229 0 
499 0.015732 0 
500 0.029442 0 
501 0.025484 0 
502 0.020852 0 
503 0.021293 0 
504 0.018118 0 
505 0.035169 0 
506 0.034971 0 
507 0.017968 0 
508 0.025680 0 
509 0.012212 0 
510 0.036584 0 
511 0.020685 0 
512 0.017650 0 
513 0.025499 0 
514 0.027551 0 
515 0.028076 0 
516 0.035662 0 
517 0.018954 0 
518 0.027474 0 
519 0.026728 0 
520 0.023237 0 
521 0.032683 0 
522 0.015139 0 
523 0.016517 0 
524 0.033927 0 
525 0.017347 0 
526 0.020489 0 
527 0.011474 0 
528 0.015572 0 
529 0.038500 0 
530 0.032600 0 
531 0.029932 0 
532 0.016629 0 
533 0.015228 0 
534 0.013451 0 
535 0.026662 0 
536 0.015549 0 
537 0.020594 0 
538 0.032362 0 
539 0.015836 0 
540 0.032588 0 
541 0.026247 0 
542 0.036769 0 
543 0.026447 0 
544 0.031036 0 
545 0.014402 0 
546 0.019591 0 
547 0.031383 0 
548 0.018016 0 
549 0.037174 0 
550 0.020921 0 
551 0.016660 0 
552 0.025819 0 
553 0.052438 0 
554 0.036494 0 
555 0.027974 0 
556 0.056777 0 
557 0.040497 0 
558 0.023931 0 
559 0.013963 0 
560 0.010041 0 
561 0.017487 0 
562 0.029855 0 
563 0.038570 0 
564 0.022125 0 
565 0.012670 0 
566 0.017365 0 
567 0.055126 0 
568 0.038813 0 
569 0.050195 0 
570 0.033849 0 
571 0.017498 0 
572 0.015114 0 
573 0.038234 0 
574 0.054350 0 
575 0.047292 0 
576 0.029896 0 
577 0.014239 0 
578 0.014939 0 
579 0.010904 0 
580 0.041656 0 
581 0.025981 0 
582 0.020489 0 
583 0.019073 0 
584 0.020317 0 
585 0.026424 0 
586 0.016416 0 
587 0.018448 0 
588 0.024607 0 
589 0.014734 0 
590 0.030478 0 
591 0.014289 0 
592 0.017929 0 
593 0.015433 0 
594 0.020526 0 
595 0.045573 0 
596 0.029525 0 
597 0.012884 0 
598 0.011160 0 
599 0.043841 0 
600 0.027046 0 
601 0.033145 0 
602 0.022679 0 
603 0.027530 0 
604 0.013875 0 
605 0.027151 0 
606 0.010595 0 
607 0.030894 0 
608 0.017286 0 
609 0.018594 0 
610 0.019606 0 
611 0.020595 0 
612 0.016825 0 
613 0.017504 0 
614 0.013178 0 
615 0.022170 0 
616 0.017365 0 
617 0.012330 0 
618 0.020841 0 
619 0.024441 0 
620 0.012182 0 
621 0.012591 0 
622 0.014041 0 
623 0.019615 0 
624 0.013770 0 
625 0.017401 0 
626 0.018395 0 
627 0.011644 0 
628 0.015735 0 
629 0.017273 0 
630 0.013550 0 
631 0.015931 0 
632 0.025028 0 
633 0.021694 0 
634 0.014793 0 
635 0.016632 0 
636 0.016115 0 
637 0.016180 0 
638 0.018632 0 
639 0.023335 0 
640 0.013849 0 
641 0.027394 0 
642 0.013577 0 
643 0.040477 0 
644 0.023935 0 
645 0.020286 0 
646 0.025096 0 
647 0.014076 0 
648 0.028554 0 
649 0.026748 0 
650 0.020008 0 
651 0.025867 0 
652 0.025090 0 
653 0.012230 0 
654 0.029846 0 
655 0.013681 0 
656 0.020091 0 
657 0.013507 0 
658 0.022571 0 
659 0.016171 0 
660 0.025297 0 
661 0.017769 0 
662 0.010231 0 
663 0.035891 0 
664 0.040388 0 
665 0.023929 0 
666 0.011379 0 
667 0.014630 0 
668 0.010670 0 
669 0.012732 0 
670 0.016766 0 
671 0.019185 0 
672 0.030637 0 
673 0.019071 0 
674 0.015754 0 
675 0.018867 0 
676 0.017800 0 
677 0.017917 0 
678 0.024792 0 
679 0.015331 0 
680 0.043313 0 
681 0.027005 0 
682 0.014436 0 
683 0.022007 0 
684 0.012635 0 
685 0.021617 0 
686 0.018532 0 
687 0.034007 0 
688 0.017122 0 
689 0.023947 0 
690 0.011169 0 
691 0.043335 0 
692 0.026924 0 
693 0.038949 0 
694 0.021672 0 
695 0.017888 0 
696 0.013067 0 
697 0.020530 0 
698 0.018890 0 
699 0.011199 0 
700 0.011054 0 
701 0.011449 0 
702 0.014766 0 
703 0.021697 0 
704 0.029496 0 
705 0.016428 0 
706 0.032448 0 
707 0.025596 0 
708 0.018636 0 
709 0.027706 0 
710 0.010791 0 
711 0.027242 0 
712 0.019081 0 
713 0.033913 0 
714 0.019984 0 
715 0.022199 0 
716 0.014848 0 
717 0.030183 0 
718 0.013744 0 
719 0.021597 0 
720 0.050455 0 
721 0.033810 0 
722 0.017371 0 
723 0.019262 0 
724 0.013782 0 
725 0.012570 0 
726 0.031647 0 
727 0.037902 0 
728 0.025533 0 
729 0.013899 0 
730 0.011721 0 
731 0.014350 0 
732 0.038555 0 
733 0.022252 0 
734 0.013440 0 
735 0.038675 0 
736 0.022337 0 
737 0.021108 0 
738 0.017876 0 
739 0.028506 0 
740 0.031751 0 
741 0.035601 0 
742 0.019310 0 
743 0.018271 0 
744 0.017304 0 
745 0.015524 0 
746 0.021866 0 
747 0.009617 0 
748 0.018622 0 
749 0.018251 0 
750 0.016949 0 
751 0.026331 0 
752 0.020078 0 
753 0.013746 0 
754 0.016709 0 
755 0.019561 0 
756 0.019662 0 
757 0.013605 0 
758 0.024732 0 
759 0.009800 0 
760 0.012597 0 
761 0.011127 0 
762 0.020975 0 
763 0.015457 0 
764 0.013475 0 
765 0.017104 0 
766 0.017334 0 
767 0.015649 0 
768 0.025374 0 
769 0.016093 0 
770 0.020242 0 
771 0.023857 0 
772 0.021491 0 
773 0.015245 0 
774 0.031658 0 
775 0.015455 0 
776 0.016793 0 
777 0.014471 0 
778 0.013357 0 
779 0.010072 0 
780 0.013009 0 
781 0.029144 0 
782 0.032637 0 
783 0.024578 0 
784 0.012975 0 
785 0.019994 0 
786 0.025718 0 
787 0.019756 0 
788 0.016672 0 
789 0.015690 0 
790 0.019753 0 
791 0.023484 0 
792 0.032410 0 
793 0.016312 0 
794 0.026672 0 
795 0.018011 0 
796 0.016536 0 
797 0.026616 0 
798 0.018323 0 
799 0.020113 0 
800 0.015926 0 
801 0.033628 0 
802 0.034883 0 
803 0.021647 0 
804 0.027067 0 
805 0.019099 0 
806 0.036640 0 
807 0.020071 0 
808 0.015545 0 
809 0.017708 0 
810 0.021365 0 
811 0.018841 0 
812 0.022352 0 
813 0.044696 0 
814 0.028232 0 
815 0.012091 0 
816 0.026342 0 
817 0.021475 0 
818 0.011595 0 
819 0.030200 0 
820 0.022252 0 
821 0.016547 0 
822 0.022054 0 
823 0.025473 0 
824 0.032845 0 
825 0.016507 0 
826 0.019246 0 
827 0.018463 0 
828 0.015352 0 
829 0.011816 0 
830 0.036810 0 
831 0.020497 0 
832 0.030125 0 
833 0.035011 0 
834 0.049766 0 
835 0.033267 0 
836 0.041293 0 
837 0.025102 0 
838 0.031884 0 
839 0.025741 0 
840 0.014748 0 
841 0.014657 0 
842 0.034023 0 
843 0.017711 0 
844 0.021911 0 
845 0.019014 0 
846 0.017419 0 
847 0.030015 0 
848 0.016538 0 
849 0.016434 0 
850 0.015627 0 
851 0.016228 0 
852 0.022721 0 
853 0.019132 0 
854 0.032616 0 
855 0.017845 0 
856 0.018463 0 
857 0.018196 0 
858 0.036697 0 
859 0.020354 0 
860 0.021647 0 
861 0.017005 0 
862 0.036275 0 
863 0.020900 0 
864 0.022347 0 
865 0.020284 0 
866 0.016822 0 
867 0.029513 0 
868 0.026460 0 
869 0.030219 0 
870 0.017221 0 
871 0.023729 0 
872 0.008867 0 
873 0.016588 0 
874 0.015003 0 
875 0.009838 0 
876 0.022251 0 
877 0.011672 0 
878 0.024826 0 
879 0.012444 0 
880 0.022563 0 
881 0.015713 0 
882 0.025663 0 
883 0.014743 0 
884 0.019997 0 
885 0.013098 0 
886 0.013139 0 
887 0.025581 0 
888 0.013813 0 
889 0.033769 0 
890 0.016902 0 
891 0.031571 0 
892 0.024060 0 
893 0.026453 0 
894 0.023721 0 
895 0.022492 0 
896 0.012788 0 
897 0.013359 0 
898 0.022078 0 
899 0.015909 0 
900 0.016177 0 
901 0.027195 0 
902 0.015147 0 
903 0.017312 0 
904 0.028467 0 
905 0.012305 0 
906 0.010681 0 
907 0.027175 0 
908 0.021594 0 
909 0.016893 0 
910 0.026715 0 
911 0.011178 0 
912 0.047489 0 
913 0.034546 0 
914 0.018274 0 
915 0.013334 0 
916 0.016203 0 
917 0.030891 0 
918 0.021504 0 
919 0.023248 0 
920 0.011543 0 
921 0.010547 0 
922 0.033393 0 
923 0.024188 0 
924 0.018509 0 
925 0.025454 0 
926 0.043988 0 
927 0.027595 0 
928 0.014259 0 
929 0.018244 0 
930 0.014365 0 
931 0.042997 0 
932 0.056558 0 
933 0.039956 0 
934 0.034887 0 
935 0.018058 0 
936 0.020933 0 
937 0.023068 0 
938 0.013360 0 
939 0.022703 0 
940 0.021944 0 
941 0.021500 0 
942 0.015190 0 
943 0.020363 0 
944 0.033937 0 
945 0.017686 0 
946 0.013684 0 
947 0.020733 0 
948 0.010644 0 
949 0.027262 0 
950 0.025234 0 
951 0.027811 0 
952 0.027017 0 
953 0.021157 0 
954 0.025429 0 
955 0.015699 0 
956 0.010543 0 
957 0.027712 0 
958 0.017068 0 
959 0.026564 0 
960 0.030222 0 
961 0.022840 0 
962 0.013151 0 
963 0.029643 0 
964 0.013406 0 
965 0.021566 0 
966 0.022021 0 
967 0.013799 0 
968 0.012285 0 
969 0.039574 0 
970 0.023891 0 
971 0.023844 0 
972 0.014936 0 
973 0.014252 0 
974 0.021449 0 
975 0.019484 0 
976 0.015357 0 
977 0.015146 0 
978 0.036294 0 
979 0.019647 0 
980 0.023871 0 
981 0.019256 0 
982 0.015381 0 
983 0.030439 0 
984 0.034812 0 
985 0.021118 0 
986 0.010756 0 
987 0.017872 0 
988 0.022839 0 
989 0.024839 0 
990 0.011671 0 
991 0.015564 0 
992 0.014199 0 
993 0.023251 0 
994 0.021070 0 
995 0.029480 0 
996 0.013218 0 
997 0.018608 0 
998 0.014736 0 
999 0.045903 0 
1000 0.037473 0 
1001 0.020618 0 
1002 0.017512 0 
1003 0.034910 0 
1004 0.040768 0 
1005 0.024486 0 
1006 0.018447 0 
1007 0.017369 0 
1008 0.022856 0 
1009 0.023968 0 
1010 0.011336 0 
1011 0.023062 0 
1012 0.025731 0 
1013 0.015876 0 
1014 0.028649 0 
1015 0.024306 0 
1016 0.021503 0 
1017 0.018372 0 
1018 0.021987 0 
1019 0.026152 0 
1020 0.011891 0 
1021 0.016189 0 
1022 0.014804 0 
1023 0.015618 0 
1024 0.041841 0 
1025 0.025578 0 
1026 0.012276 0 
1027 0.015408 0 
1028 0.030367 0 
1029 0.013963 0 
1030 0.025758 0 
1031 0.013372 0 
1032 0.018865 0 
1033 0.025294 0 
1034 0.020990 0 
1035 0.016496 0 
1036 0.029680 0 
1037 0.015373 0 
1038 0.022926 0 
1039 0.024457 0 
1040 0.023252 0 
1041 0.019490 0 
1042 0.023243 0 
1043 0.019115 0 
1044 0.037336 0 
1045 0.020838 0 
1046 0.019832 0 
1047 0.018392 0 
1048 0.022101 0 
1049 0.025756 0 
1050 0.017592 0 
1051 0.011937 0 
1052 0.027334 0 
1053 0.014450 0 
1054 0.014299 0 
1055 0.024372 0 
1056 0.010460 0 
1057 0.017735 0 
1058 0.021335 0 
1059 0.015031 0 
1060 0.043312 0 
1061 0.027020 0 
1062 0.024904 0 
1063 0.018512 0 
1064 0.022401 0 
1065 0.016706 0 
1066 0.009441 0 
1067 0.010001 0 
1068 0.011070 0 
1069 0.013980 0 
1070 0.006583 0 
1071 0.020059 0 
1072 0.029724 0 
1073 0.029523 0 
1074 0.026610 0 
1075 0.011173 0 
1076 0.026622 0 
1077 0.028315 0 
1078 0.011088 0 
1079 0.026694 0 
1080 0.013123 0 
1081 0.014014 0 
1082 0.023397 0 
1083 0.037669 0 
1084 0.021163 0 
1085 0.024179 0 
1086 0.019077 0 
1087 0.043460 0 
1088 0.026834 0 
1089 0.024729 0 
1090 0.011868 0 
1091 0.027360 0 
1092 0.020412 0 
1093 0.011010 0 
1094 0.023489 0 
1095 0.017835 0 
1096 0.025509 0 
1097 0.024651 0 
1098 0.031331 0 
1099 0.024722 0 
1100 0.013537 0 
1101 0.019592 0 
1102 0.023504 0 
1103 0.021819 0 
1104 0.012182 0 
1105 0.035770 0 
1106 0.019384 0 
1107 0.013896 0 
1108 0.041585 0 
1109 0.025069 0 
1110 0.017157 0 
1111 0.031312 0 
1112 0.035198 0 
1113 0.028949 0 
1114 0.016494 0 
1115 0.014318 0 
1116 0.035870 0 
1117 0.029362 0 
1118 0.013895 0 
1119 0.037780 0 
1120 0.021347 0 
1121 0.022654 0 
1122 0.027198 0 
1123 0.015363 0 
1124 0.027988 0 
1125 0.012922 0 
1126 0.018512 0 
1127 0.020582 0 
1128 0.029390 0 
1129 0.017953 0 
1130 0.019325 0 
1131 0.022729 0 
1132 0.027727 0 
1133 0.013189 0 
1134 0.012725 0 
1135 0.024279 0 
1136 0.028636 0 
1137 0.012512 0 
1138 0.021996 0 
1139 0.012456 0 
1140 0.012345 0 
1141 0.020611 0 
1142 0.016509 0 
1143 0.028037 0 
1144 0.023808 0 
1145 0.017316 0 
1146 0.026109 0 
1147 0.018657 0 
1148 0.028262 0 
1149 0.019855 0 
1150 0.026411 0 
1151 0.028442 0 
1152 0.011983 0 
1153 0.017518 0 
1154 0.019694 0 
1155 0.027052 0 
1156 0.026027 0 
1157 0.033455 0 
1158 0.036454 0 
1159 0.019718 0 
1160 0.024714 0 
1161 0.031674 0 
1162 0.015381 0 
1163 0.030685 0 
1164 0.016813 0 
1165 0.013566 0 
1166 0.012259 0 
1167 0.012631 0 
1168 0.020170 0 
1169 0.030992 0 
1170 0.023964 0 
1171 0.020162 0 
1172 0.013654 0 
1173 0.025137 0 
1174 0.012813 0 
1175 0.022192 0 
1176 0.021578 0 
1177 0.022140 0 
1178 0.011600 0 
1179 0.033741 0 
1180 0.017483 0 
1181 0.014770 0 
1182 0.012008 0 
1183 0.011966 0 
1184 0.027002 0 
1185 0.014979 0 
1186 0.020434 0 
1187 0.008914 0 
1188 0.016203 0 
1189 0.014179 0 
1190 0.012392 0 
1191 0.010433 0 
1192 0.015523 0 
1193 0.021495 0 
1194 0.016782 0 
1195 0.020032 0 
1196 0.018064 0 
1197 0.015039 0 
1198 0.019268 0 
1199 0.022418 0 
1200 0.020061 0 
1201 0.010893 0 
1202 0.013909 0 
1203 0.015837 0 
1204 0.021682 0 
1205 0.017267 0 
1206 0.017918 0 
1207 0.011650 0 
1208 0.026870 0 
1209 0.013066 0 
1210 0.012728 0 
1211 0.015256 0 
1212 0.011246 0 
1213 0.015950 0 
1214 0.017870 0 
1215 0.014596 0 
1216 0.017160 0 
1217 0.016597 0 
1218 0.014160 0 
1219 0.029732 0 
1220 0.013625 0 
1221 0.057338 0 
1222 0.041286 0 
1223 0.024937 0 
1224 0.015504 0 
1225 0.016350 0 
1226 0.017686 0 
1227 0.016338 0 
1228 0.041453 0 
1229 0.025482 0 
1230 0.019566 0 
1231 0.014081 0 
1232 0.026127 0 
1233 0.022074 0 
1234 0.014796 0 
1235 0.009450 0 
1236 0.021094 0 
1237 0.031686 0 
1238 0.018111 0 
1239 0.024728 0 
1240 0.012732 0 
1241 0.032227 0 
1242 0.027790 0 
1243 0.011507 0 
1244 0.014959 0 
1245 0.020360 0 
1246 0.016520 0 
1247 0.024839 0 
1248 0.016037 0 
1249 0.047272 0 
1250 0.031001 0 
1251 0.014622 0 
1252 0.025490 0 
1253 0.020470 0 
1254 0.029132 0 
1255 0.025957 0 
1256 0.063163 0 
1257 0.046839 0 
1258 0.062602 0 
1259 0.077675 0 
1260 0.061058 0 
1261 0.045233 0 
1262 0.028924 0 
1263 0.022076 0 
1264 0.023395 0 
1265 0.026277 0 
1266 0.014287 0 
1267 0.014085 0 
1268 0.011638 0 
1269 0.015520 0 
1270 0.016935 0 
1271 0.017504 0 
1272 0.040614 0 
1273 0.024288 0 
1274 0.027755 0 
1275 0.021207 0 
1276 0.013856 0 
1277 0.035205 0 
1278 0.031546 0 
1279 0.052381 0 
1280 0.035450 0 
1281 0.023189 0 
1282 0.010139 0 
1283 0.015551 0 
1284 0.013485 0 
1285 0.015485 0 
1286 0.010667 0 
1287 0.028017 0 
1288 0.032992 0 
1289 0.018852 0 
1290 0.015208 0 
1291 0.030669 0 
1292 0.014272 0 
1293 0.023234 0 
1294 0.028292 0 
1295 0.011890 0 
1296 0.018541 0 
1297 0.025480 0 
1298 0.014744 0 
1299 0.011848 0 
1300 0.016256 0 
1301 0.028330 0 
1302 0.018368 0 
1303 0.029759 0 
1304 0.029635 0 
1305 0.013962 0 
1306 0.019722 0 
1307 0.015570 0 
1308 0.026986 0 
1309 0.010539 0 
1310 0.019828 0 
1311 0.031424 0 
1312 0.015698 0 
1313 0.036147 0 
1314 0.019993 0 
1315 0.040153 0 
1316 0.023887 0 
1317 0.016495 0 
1318 0.010674 0 
1319 0.016569 0 
1320 0.034631 0 
1321 0.018243 0 
1322 0.023304 0 
1323 0.031118 0 
1324 0.015842 0 
1325 0.019943 0 
1326 0.017417 0 
1327 0.023000 0 
1328 0.010999 0 
1329 0.038922 0 
1330 0.022149 0 
1331 0.022543 0 
1332 0.013717 0 
1333 0.040899 0 
1334 0.024980 0 
1335 0.013414 0 
1336 0.018046 0 
1337 0.031907 0 
1338 0.015733 0 
1339 0.015215 0 
1340 0.021497 0 
1341 0.018273 0 
1342 0.015261 0 
1343 0.023483 0 
1344 0.018008 0 
1345 0.015061 0 
1346 0.014116 0 
1347 0.017260 0 
1348 0.017054 0 
1349 0.014810 0 
1350 0.016113 0 
1351 0.018503 0 
1352 0.022123 0 
1353 0.033404 0 
1354 0.017084 0 
1355 0.024796 0 
1356 0.013396 0 
1357 0.030337 0 
1358 0.017410 0 
1359 0.016538 0 
1360 0.018795 0 
1361 0.027888 0 
1362 0.012648 0 
1363 0.019624 0 
1364 0.025768 0 
1365 0.013145 0 
1366 0.021273 0 
1367 0.014127 0 
1368 0.026288 0 
1369 0.010078 0 
1370 0.012872 0 
1371 0.016322 0 
1372 0.010640 0 
1373 0.017903 0 
1374 0.018364 0 
1375 0.014340 0 
1376 0.013119 0 
1377 0.018416 0 
1378 0.023497 0 
1379 0.013220 0 
1380 0.023898 0 
1381 0.010665 0 
1382 0.026257 0 
1383 0.014984 0 
1384 0.016452 0 
1385 0.017974 0 
1386 0.042379 0 
1387 0.026034 0 
1388 0.012762 0 
1389 0.020753 0 
1390 0.017974 0 
1391 0.014418 0 
1392 0.033415 0 
1393 0.016926 0 
1394 0.014059 0 
1395 0.030799 0 
1396 0.014223 0 
1397 0.018617 0 
1398 0.031709 0 
1399 0.032263 0 
1400 0.016602 0 
1401 0.014919 0 
1402 0.062520 0 
1403 0.046314 0 
1404 0.030002 0 
1405 0.013671 0 
1406 0.031119 0 
1407 0.014518 0 
1408 0.017745 0 
1409 0.016447 0 
1410 0.026438 0 
1411 0.033475 0 
1412 0.030458 0 
1413 0.019525 0 
1414 0.017804 0 
1415 0.030002 0 
1416 0.013525 0 
1417 0.019061 0 
1418 0.030437 0 
1419 0.025368 0 
1420 0.011314 0 
1421 0.023340 0 
1422 0.024548 0 
1423 0.029318 0 
1424 0.026431 0 
1425 0.019303 0 
1426 0.014081 0 
1427 0.029087 0 
1428 0.012287 0 
1429 0.021616 0 
1430 0.009064 0 
1431 0.018183 0 
1432 0.013672 0 
1433 0.010944 0 
1434 0.034533 0 
1435 0.018168 0 
1436 0.019476 0 
1437 0.013694 0 
1438 0.010988 0 
1439 0.018347 0 
1440 0.026266 0 
1441 0.015145 0 
1442 0.027669 0 
1443 0.021177 0 
1444 0.021279 0 
1445 0.011166 0 
1446 0.016945 0 
1447 0.025527 0 
1448 0.020694 0 
1449 0.017012 0 
1450 0.012751 0 
1451 0.016918 0 
1452 0.015217 0 
1453 0.025904 0 
1454 0.012599 0 
1455 0.030750 0 
1456 0.020856 0 
1457 0.013440 0 
1458 0.023586 0 
1459 0.026668 0 
1460 0.030612 0 
1461 0.016920 0 
1462 0.026545 0 
1463 0.037488 0 
1464 0.031439 0 
1465 0.018087 0 
1466 0.029400 0 
1467 0.023598 0 
1468 0.023380 0 
1469 0.015594 0 
1470 0.017487 0 
1471 0.019976 0 
1472 0.022685 0 
1473 0.024532 0 
1474 0.021515 0 
1475 0.015699 0 
1476 0.017664 0 
1477 0.014977 0 
1478 0.017818 0 
1479 0.014865 0 
1480 0.037292 0 
1481 0.030903 0 
1482 0.049980 0 
1483 0.033237 0 
1484 0.016925 0 
1485 0.012812 0 
1486 0.018061 0 
1487 0.036863 0 
1488 0.023544 0 
1489 0.013619 0 
1490 0.024412 0 
1491 0.021432 0 
1492 0.022969 0 
1493 0.014878 0 
1494 0.018383 0 
1495 0.031614 0 
1496 0.017935 0 
1497 0.019608 0 
1498 0.017659 0 
1499 0.042288 0 
1500 0.027707 0 
1501 0.010617 0 
1502 0.021778 0 
1503 0.026801 0 
1504 0.026979 0 
1505 0.024227 0 
1506 0.028259 0 
1507 0.018123 0 
1508 0.020606 0 
1509 0.036483 0 
1510 0.021065 0 
1511 0.048227 0 
1512 0.031965 0 
1513 0.015963 0 
1514 0.020844 0 
1515 0.020054 0 
1516 0.013243 0 
1517 0.011801 0 
1518 0.010071 0 
1519 0.018115 0 
1520 0.031843 0 
1521 0.015491 0 
1522 0.015300 0 
1523 0.014829 0 
1524 0.017085 0 
1525 0.016664 0 
1526 0.019977 0 
1527 0.010557 0 
1528 0.015999 0 
1529 0.020164 0 
1530 0.018664 0 
1531 0.015579 0 
1532 0.020065 0 
1533 0.011778 0 
1534 0.018308 0 
1535 0.018655 0 
1536 0.016927 0 
1537 0.012444 0 
1538 0.015393 0 
1539 0.013055 0 
1540 0.030762 0 
1541 0.015278 0 
1542 0.011800 0 
1543 0.009351 0 
1544 0.013432 0 
1545 0.017690 0 
1546 0.013072 0 
1547 0.013137 0 
1548 0.016203 0 
1549 0.017840 0 
1550 0.032724 0 
1551 0.027141 0 
1552 0.014155 0 
1553 0.014258 0 
1554 0.017456 0 
1555 0.012971 0 
1556 0.009105 0 
1557 0.020930 0 
1558 0.008729 0 
1559 0.014414 0 
1560 0.029003 0 
1561 0.018690 0 
1562 0.032789 0 
1563 0.026826 0 
1564 0.011434 0 
1565 0.029158 0 
1566 0.012985 0 
1567 0.028841 0 
1568 0.013720 0 
1569 0.046618 0 
1570 0.030452 0 
1571 0.016411 0 
1572 0.007373 0 
1573 0.022090 0 
1574 0.009297 0 
1575 0.018563 0 
1576 0.022605 0 
1577 0.015684 0 
1578 0.016799 0 
1579 0.019894 0 
1580 0.017033 0 
1581 0.023828 0 
1582 0.015828 0 
1583 0.012486 0 
1584 0.017249 0 
1585 0.028351 0 
1586 0.013504 0 
1587 0.019751 0 
1588 0.037364 0 
1589 0.020997 0 
1590 0.019914 0 
1591 0.015234 0 
1592 0.017110 0 
1593 0.033101 0 
1594 0.016716 0 
1595 0.045451 0 
1596 0.029191 0 
1597 0.023151 0 
1598 0.023029 0 
1599 0.021558 0 
1600 0.051609 0 
1601 0.035180 0 
1602 0.026087 0 
1603 0.012490 0 
1604 0.013795 0 
1605 0.017364 0 
1606 0.023096 0 
1607 0.012468 0 
1608 0.020016 0 
1609 0.023216 0 
1610 0.013119 0 
1611 0.011130 0 
1612 0.017514 0 
1613 0.011697 0 
1614 0.019057 0 
1615 0.029066 0 
1616 0.019669 0 
1617 0.015301 0 
1618 0.013465 0 
1619 0.013925 0 
1620 0.009897 0 
1621 0.016930 0 
1622 0.016690 0 
1623 0.016723 0 
1624 0.020042 0 
1625 0.010702 0 
1626 0.017448 0 
1627 0.014664 0 
1628 0.016425 0 
1629 0.014163 0 
1630 0.026681 0 
1631 0.019641 0 
1632 0.027383 0 
1633 0.011464 0 
1634 0.008973 0 
1635 0.015277 0 
1636 0.011471 0 
1637 0.018372 0 
1638 0.012868 0 
1639 0.018944 0 
1640 0.008609 0 
1641 0.029544 0 
1642 0.023644 0 
1643 0.010687 0 
1644 0.018472 0 
1645 0.024835 0 
1646 0.015381 0 
1647 0.029539 0 
1648 0.016683 0 
1649 0.011501 0 
1650 0.024011 0 
1651 0.016729 0 
1652 0.014034 0 
1653 0.053864 0 
1654 0.037438 0 
1655 0.021143 0 
1656 0.023630 0 
1657 0.025280 0 
1658 0.034376 0 
1659 0.020366 0 
1660 0.011447 0 
1661 0.025404 0 
1662 0.012184 0 
1663 0.028976 0 
1664 0.013161 0 
1665 0.017700 0 
1666 0.020858 0 
1667 0.013532 0 
1668 0.015630 0 
1669 0.019699 0 
1670 0.021832 0 
1671 0.014388 0 
1672 0.019095 0 
1673 0.027106 0 
1674 0.011554 0 
1675 0.034383 0 
1676 0.023055 0 
1677 0.019469 0 
1678 0.010900 0 
1679 0.025292 0 
1680 0.012284 0 
1681 0.023517 0 
1682 0.027763 0 
1683 0.024331 0 
1684 0.015910 0 
1685 0.016977 0 
1686 0.027297 0 
1687 0.011110 0 
1688 0.018951 0 
1689 0.028041 0 
1690 0.020177 0 
1691 0.016610 0 
1692 0.043135 0 
1693 0.032658 0 
1694 0.018682 0 
1695 0.015023 0 
1696 0.017501 0 
1697 0.021024 0 
1698 0.013730 0 
1699 0.019993 0 
1700 0.010926 0 
1701 0.061106 0 
1702 0.044612 0 
1703 0.028054 0 
1704 0.011772 0 
1705 0.014832 0 
1706 0.013307 0 
1707 0.010268 0 
1708 0.012576 0 
1709 0.020963 0 
1710 0.033016 0 
1711 0.016812 0 
1712 0.014960 0 
1713 0.027592 0 
1714 0.011170 0 
1715 0.024480 0 
1716 0.014014 0 
1717 0.014667 0 
1718 0.013812 0 
1719 0.009590 0 
1720 0.009628 0 
1721 0.010258 0 
1722 0.016659 0 
1723 0.010923 0 
1724 0.013931 0 
1725 0.025138 0 
1726 0.015422 0 
1727 0.010860 0 
1728 0.022214 0 
1729 0.019732 0 
1730 0.013316 0 
1731 0.021570 0 
1732 0.013110 0 
1733 0.014805 0 
1734 0.016319 0 
1735 0.014699 0 
1736 0.013199 0 
1737 0.011823 0 
1738 0.009382 0 
1739 0.011941 0 
1740 0.012849 0 
1741 0.019335 0 
1742 0.015359 0 
1743 0.012315 0 
1744 0.015714 0 
1745 0.015545 0 
1746 0.013514 0 
1747 0.012251 0 
1748 0.017728 0 
1749 0.011898 0 
1750 0.017345 0 
1751 0.021056 0 
1752 0.013888 0 
1753 0.014371 0 
1754 0.018935 0 
1755 0.013778 0 
1756 0.023989 0 
1757 0.011576 0 
1758 0.017513 0 
1759 0.010810 0 
1760 0.023305 0 
1761 0.008718 0 
1762 0.032443 0 
1763 0.016137 0 
1764 0.015314 0 
1765 0.013627 0 
1766 0.021992 0 
1767 0.039038 0 
1768 0.022531 0 
1769 0.010608 0 
1770 0.033729 0 
1771 0.017662 0 
1772 0.012443 0 
1773 0.018975 0 
1774 0.031807 0 
1775 0.015434 0 
1776 0.017808 0 
1777 0.023939 0 
1778 0.018837 0 
1779 0.014174 0 
1780 0.025041 0 
1781 0.010696 0 
1782 0.015573 0 
1783 0.023270 0 
1784 0.035707 0 
1785 0.030891 0 
1786 0.031704 0 
1787 0.016030 0 
1788 0.018591 0 
1789 0.013671 0 
1790 0.015848 0 
1791 0.052005 0 
1792 0.035450 0 
1793 0.019090 0 
1794 0.020763 0 
1795 0.033421 0 
1796 0.017110 0 
1797 0.010711 0 
1798 0.017097 0 
1799 0.029215 0 
1800 0.013002 0 
1801 0.026191 0 
1802 0.025777 0 
1803 0.013802 0 
1804 0.011425 0 
1805 0.059357 0 
1806 0.043123 0 
1807 0.026270 0 
