2024-08-14 19:39:35
../stream-replay/logs/rtt-6205@128.txt
1 0.026160 0 
2 0.011083 0 
3 0.023102 0 
4 0.019502 0 
5 0.014939 0 
6 0.014921 0 
7 0.031556 0 
8 0.015517 0 
9 0.016324 0 
10 0.012324 0 
11 0.010535 0 
12 0.027715 0 
13 0.010931 0 
14 0.020575 0 
15 0.015373 0 
16 0.029791 0 
17 0.013062 0 
18 0.021348 0 
19 0.007170 0 
20 0.021743 0 
21 0.005338 0 
22 0.020336 0 
23 0.022605 0 
24 0.021372 0 
25 0.008935 0 
26 0.006017 0 
27 0.020725 0 
28 0.012878 0 
29 0.018551 0 
30 0.023022 0 
31 0.023576 0 
32 0.015780 0 
33 0.024573 0 
34 0.034301 0 
35 0.017728 0 
36 0.010525 0 
37 0.028414 0 
38 0.012035 0 
39 0.025664 0 
40 0.019371 0 
41 0.014557 0 
42 0.025764 0 
43 0.048429 0 
44 0.034662 0 
45 0.020166 0 
46 0.021945 0 
47 0.020396 0 
48 0.021221 0 
49 0.028068 0 
50 0.015177 0 
51 0.022928 0 
52 0.016828 0 
53 0.013615 0 
54 0.022500 0 
55 0.026493 0 
56 0.025463 0 
57 0.013225 0 
58 0.021863 0 
59 0.027996 0 
60 0.023187 0 
61 0.022250 0 
62 0.014180 0 
63 0.020772 0 
64 0.035952 0 
65 0.019523 0 
66 0.023460 0 
67 0.024300 0 
68 0.008244 0 
69 0.022401 0 
70 0.019345 0 
71 0.016578 0 
72 0.030426 0 
73 0.017948 0 
74 0.015636 0 
75 0.022945 0 
76 0.011616 0 
77 0.026047 0 
78 0.013012 0 
79 0.028560 0 
80 0.028199 0 
81 0.023739 0 
82 0.028496 0 
83 0.030505 0 
84 0.019788 0 
85 0.011755 0 
86 0.028576 0 
87 0.011637 0 
88 0.020014 0 
89 0.015155 0 
90 0.022670 0 
91 0.020212 0 
92 0.020792 0 
93 0.026693 0 
94 0.014760 0 
95 0.020200 0 
96 0.012257 0 
97 0.038209 0 
98 0.021908 0 
99 0.021127 0 
100 0.013316 0 
101 0.031625 0 
102 0.017410 0 
103 0.021483 0 
104 0.032146 0 
105 0.015551 0 
106 0.024732 0 
107 0.023484 0 
108 0.027632 0 
109 0.011267 0 
110 0.034131 0 
111 0.033643 0 
112 0.019806 0 
113 0.028749 0 
114 0.030540 0 
115 0.014071 0 
116 0.031455 0 
117 0.023930 0 
118 0.012798 0 
119 0.039951 0 
120 0.023577 0 
121 0.011081 0 
122 0.026075 0 
123 0.022407 0 
124 0.022159 0 
125 0.023745 0 
126 0.016397 0 
127 0.030003 0 
128 0.026236 0 
129 0.022681 0 
130 0.037075 0 
131 0.020450 0 
132 0.015131 0 
133 0.021929 0 
134 0.025519 0 
135 0.009353 0 
136 0.066578 0 
137 0.050549 0 
138 0.034622 0 
139 0.018180 0 
140 0.014930 0 
141 0.032469 0 
142 0.023035 0 
143 0.019019 0 
144 0.016677 0 
145 0.037802 0 
146 0.021561 0 
147 0.028865 0 
148 0.014393 0 
149 0.009578 0 
150 0.034114 0 
151 0.017393 0 
152 0.010267 0 
153 0.012486 0 
154 0.030241 0 
155 0.013677 0 
156 0.023066 0 
157 0.032236 0 
158 0.015890 0 
159 0.031197 0 
160 0.014579 0 
161 0.016335 0 
162 0.010314 0 
163 0.020988 0 
164 0.008418 0 
165 0.013536 0 
166 0.013597 0 
167 0.019322 0 
168 0.018121 0 
169 0.028602 0 
170 0.012926 0 
171 0.017150 0 
172 0.012536 0 
173 0.009613 0 
174 0.020612 0 
175 0.025553 0 
176 0.013971 0 
177 0.016623 0 
178 0.026534 0 
179 0.017519 0 
180 0.018358 0 
181 0.020098 0 
182 0.019794 0 
183 0.013718 0 
184 0.019875 0 
185 0.023530 0 
186 0.010305 0 
187 0.013239 0 
188 0.010013 0 
189 0.009262 0 
190 0.016456 0 
191 0.009539 0 
192 0.011232 0 
193 0.021539 0 
194 0.017326 0 
195 0.025291 0 
196 0.017842 0 
197 0.026511 0 
198 0.011384 0 
199 0.021412 0 
200 0.026662 0 
201 0.035811 0 
202 0.019703 0 
203 0.025675 0 
204 0.013078 0 
205 0.008775 0 
206 0.010720 0 
207 0.021911 0 
208 0.024964 0 
209 0.020535 0 
210 0.018739 0 
211 0.013196 0 
212 0.030982 0 
213 0.021418 0 
214 0.017172 0 
215 0.018867 0 
216 0.024389 0 
217 0.057703 0 
218 0.042130 0 
219 0.027991 0 
220 0.012217 0 
221 0.014822 0 
222 0.012650 0 
223 0.022271 0 
224 0.009820 0 
225 0.017921 0 
226 0.016075 0 
227 0.021902 0 
228 0.022404 0 
229 0.022133 0 
230 0.014904 0 
231 0.034014 0 
232 0.028317 0 
233 0.032760 0 
234 0.019551 0 
235 0.022081 0 
236 0.058657 0 
237 0.041830 0 
238 0.025382 0 
239 0.031356 0 
240 0.049379 0 
241 0.035652 0 
242 0.021893 0 
243 0.023204 0 
244 0.032756 0 
245 0.016459 0 
246 0.028104 0 
247 0.011089 0 
248 0.022725 0 
249 0.019678 0 
250 0.015725 0 
251 0.028791 0 
252 0.028110 0 
253 0.015768 0 
254 0.022087 0 
255 0.025766 0 
256 0.014076 0 
257 0.021917 0 
258 0.023983 0 
259 0.017100 0 
260 0.017031 0 
261 0.037236 0 
262 0.021305 0 
263 0.019959 0 
264 0.030597 0 
265 0.026389 0 
266 0.018826 0 
267 0.023317 0 
268 0.016433 0 
269 0.034342 0 
270 0.017538 0 
271 0.021452 0 
272 0.018521 0 
273 0.036497 0 
274 0.019598 0 
275 0.016504 0 
276 0.018958 0 
277 0.020254 0 
278 0.023751 0 
279 0.017323 0 
280 0.023010 0 
281 0.011652 0 
282 0.021109 0 
283 0.011431 0 
284 0.018225 0 
285 0.016940 0 
286 0.020139 0 
287 0.030135 0 
288 0.016018 0 
289 0.018126 0 
290 0.018404 0 
291 0.012846 0 
292 0.017466 0 
293 0.029522 0 
294 0.022892 0 
295 0.010466 0 
296 0.014729 0 
297 0.020398 0 
298 0.008176 0 
299 0.011945 0 
300 0.013937 0 
301 0.014460 0 
302 0.015869 0 
303 0.027092 0 
304 0.016714 0 
305 0.018505 0 
306 0.019970 0 
307 0.034477 0 
308 0.019322 0 
309 0.037449 0 
310 0.025928 0 
311 0.011882 0 
312 0.052531 0 
313 0.035704 0 
314 0.019143 0 
315 0.017250 0 
316 0.029013 0 
317 0.018372 0 
318 0.022266 0 
319 0.043377 0 
320 0.026869 0 
321 0.018600 0 
322 0.027135 0 
323 0.018240 0 
324 0.016321 0 
325 0.023640 0 
326 0.052387 0 
327 0.035743 0 
328 0.018256 0 
329 0.026251 0 
330 0.017576 0 
331 0.017145 0 
332 0.016640 0 
333 0.010872 0 
334 0.016469 0 
335 0.011539 0 
336 0.010879 0 
337 0.011259 0 
338 0.029251 0 
339 0.035622 0 
340 0.019552 0 
341 0.010794 0 
342 0.041051 0 
343 0.025074 0 
344 0.015774 0 
345 0.021067 0 
346 0.023666 0 
347 0.010782 0 
348 0.016185 0 
349 0.016594 0 
350 0.012015 0 
351 0.018353 0 
352 0.014530 0 
353 0.025546 0 
354 0.010177 0 
355 0.013560 0 
356 0.024529 0 
357 0.026337 0 
358 0.012253 0 
359 0.044276 0 
360 0.027949 0 
361 0.021525 0 
362 0.015228 0 
363 0.021575 0 
364 0.008513 0 
365 0.015328 0 
366 0.024250 0 
367 0.010813 0 
368 0.017954 0 
369 0.012787 0 
370 0.021533 0 
371 0.038831 0 
372 0.022036 0 
373 0.032387 0 
374 0.017496 0 
375 0.020430 0 
376 0.013782 0 
377 0.023452 0 
378 0.024054 0 
379 0.010299 0 
380 0.013683 0 
381 0.018625 0 
382 0.015242 0 
383 0.012467 0 
384 0.019724 0 
385 0.023283 0 
386 0.020952 0 
387 0.021046 0 
388 0.020012 0 
389 0.014705 0 
390 0.022538 0 
391 0.023387 0 
392 0.014712 0 
393 0.015221 0 
394 0.021990 0 
395 0.050805 0 
396 0.034355 0 
397 0.030192 0 
398 0.032797 0 
399 0.027815 0 
400 0.013719 0 
401 0.040231 0 
402 0.029743 0 
403 0.013654 0 
404 0.018972 0 
405 0.021709 0 
406 0.018418 0 
407 0.018603 0 
408 0.017238 0 
409 0.017360 0 
410 0.013587 0 
411 0.017853 0 
412 0.016758 0 
413 0.029006 0 
414 0.014949 0 
415 0.029912 0 
416 0.013298 0 
417 0.017136 0 
418 0.019338 0 
419 0.019393 0 
420 0.030402 0 
421 0.013928 0 
422 0.017884 0 
423 0.022100 0 
424 0.009796 0 
425 0.036803 0 
426 0.041679 0 
427 0.025149 0 
428 0.030501 0 
429 0.015865 0 
430 0.025721 0 
431 0.015107 0 
432 0.018119 0 
433 0.017913 0 
434 0.028723 0 
435 0.020784 0 
436 0.017740 0 
437 0.017214 0 
438 0.014726 0 
439 0.039914 0 
440 0.038374 0 
441 0.021919 0 
442 0.010545 0 
443 0.025030 0 
444 0.013166 0 
445 0.018774 0 
446 0.011504 0 
447 0.043307 0 
448 0.026615 0 
449 0.013659 0 
450 0.025588 0 
451 0.033784 0 
452 0.020370 0 
453 0.036788 0 
454 0.032116 0 
455 0.024749 0 
456 0.036757 0 
457 0.019961 0 
458 0.017505 0 
459 0.014545 0 
460 0.025511 0 
461 0.017406 0 
462 0.016071 0 
463 0.019460 0 
464 0.010438 0 
465 0.031016 0 
466 0.016895 0 
467 0.025636 0 
468 0.013907 0 
469 0.017948 0 
470 0.017053 0 
471 0.031332 0 
472 0.015060 0 
473 0.012421 0 
474 0.013003 0 
475 0.017511 0 
476 0.012315 0 
477 0.018071 0 
478 0.019123 0 
479 0.016064 0 
480 0.018576 0 
481 0.044300 0 
482 0.027881 0 
483 0.013106 0 
484 0.019181 0 
485 0.023675 0 
486 0.016821 0 
487 0.021405 0 
488 0.009490 0 
489 0.015613 0 
490 0.022324 0 
491 0.024757 0 
492 0.014021 0 
493 0.025934 0 
494 0.040972 0 
495 0.023920 0 
496 0.010007 0 
497 0.061432 0 
498 0.044524 0 
499 0.028155 0 
500 0.021510 0 
501 0.024496 0 
502 0.013843 0 
503 0.030411 0 
504 0.053662 0 
505 0.034232 0 
506 0.021747 0 
507 0.029041 0 
508 0.021402 0 
509 0.014194 0 
510 0.042919 0 
511 0.046595 0 
512 0.029306 0 
513 0.013625 0 
514 0.024746 0 
515 0.019168 0 
516 0.055350 0 
517 0.044175 0 
518 0.027555 0 
519 0.011178 0 
520 0.026818 0 
521 0.013781 0 
522 0.021861 0 
523 0.018896 0 
524 0.020777 0 
525 0.020571 0 
526 0.018937 0 
527 0.024038 0 
528 0.020018 0 
529 0.013862 0 
530 0.009611 0 
531 0.048660 0 
532 0.032278 0 
533 0.015874 0 
534 0.027078 0 
535 0.010590 0 
536 0.027566 0 
537 0.011231 0 
538 0.041996 0 
539 0.025537 0 
540 0.022656 0 
541 0.011589 0 
542 0.018432 0 
543 0.017783 0 
544 0.022666 0 
545 0.024942 0 
546 0.017375 0 
547 0.022226 0 
548 0.017018 0 
549 0.020450 0 
550 0.033704 0 
551 0.025471 0 
552 0.008970 0 
553 0.012901 0 
554 0.032775 0 
555 0.036502 0 
556 0.019586 0 
557 0.016108 0 
558 0.010545 0 
559 0.020417 0 
560 0.027178 0 
561 0.038480 0 
562 0.022129 0 
563 0.014652 0 
564 0.027095 0 
565 0.022701 0 
566 0.017827 0 
567 0.013062 0 
568 0.036620 0 
569 0.020076 0 
570 0.013288 0 
571 0.015804 0 
572 0.018716 0 
573 0.027137 0 
574 0.019583 0 
575 0.016187 0 
576 0.016773 0 
577 0.023051 0 
578 0.033632 0 
579 0.017760 0 
580 0.015721 0 
581 0.015369 0 
582 0.015829 0 
583 0.020770 0 
584 0.027015 0 
585 0.015640 0 
586 0.035460 0 
587 0.030407 0 
588 0.017739 0 
589 0.016487 0 
590 0.012852 0 
591 0.016923 0 
592 0.020544 0 
593 0.022157 0 
594 0.026198 0 
595 0.020342 0 
596 0.010858 0 
597 0.031636 0 
598 0.035432 0 
599 0.028596 0 
600 0.032485 0 
601 0.016750 0 
602 0.015428 0 
603 0.031534 0 
604 0.015132 0 
605 0.025441 0 
606 0.022316 0 
607 0.011913 0 
608 0.022148 0 
609 0.033353 0 
610 0.028723 0 
611 0.012003 0 
612 0.054898 0 
613 0.039061 0 
614 0.022183 0 
615 0.016083 0 
616 0.018693 0 
617 0.019400 0 
618 0.018563 0 
619 0.032086 0 
620 0.015386 0 
621 0.038047 0 
622 0.021247 0 
623 0.045453 0 
624 0.028702 0 
625 0.020695 0 
626 0.029610 0 
627 0.013211 0 
628 0.010596 0 
629 0.021815 0 
630 0.020070 0 
631 0.026479 0 
632 0.010065 0 
633 0.022081 0 
634 0.016904 0 
635 0.029698 0 
636 0.012701 0 
637 0.020911 0 
638 0.014795 0 
639 0.028037 0 
640 0.011469 0 
641 0.024608 0 
642 0.015386 0 
643 0.027946 0 
644 0.022156 0 
645 0.023821 0 
646 0.022040 0 
647 0.042641 0 
648 0.040856 0 
649 0.028090 0 
650 0.011632 0 
651 0.011276 0 
652 0.012692 0 
653 0.019236 0 
654 0.024441 0 
655 0.013694 0 
656 0.014762 0 
657 0.018812 0 
658 0.023963 0 
659 0.009950 0 
660 0.019428 0 
661 0.018108 0 
662 0.011238 0 
663 0.043285 0 
664 0.026003 0 
665 0.013006 0 
666 0.016805 0 
667 0.026462 0 
668 0.019326 0 
669 0.018147 0 
670 0.034794 0 
671 0.023392 0 
672 0.017376 0 
673 0.020383 0 
674 0.019132 0 
675 0.025038 0 
676 0.027884 0 
677 0.023535 0 
678 0.018132 0 
679 0.015735 0 
680 0.011232 0 
681 0.031263 0 
682 0.029979 0 
683 0.021147 0 
684 0.020214 0 
685 0.022424 0 
686 0.011536 0 
687 0.025260 0 
688 0.013790 0 
689 0.031694 0 
690 0.037546 0 
691 0.021120 0 
692 0.021991 0 
693 0.017850 0 
694 0.013345 0 
695 0.021797 0 
696 0.019262 0 
697 0.033368 0 
698 0.016988 0 
699 0.028627 0 
700 0.016071 0 
701 0.013501 0 
702 0.035564 0 
703 0.019431 0 
704 0.025508 0 
705 0.020735 0 
706 0.033092 0 
707 0.043204 0 
708 0.037817 0 
709 0.040527 0 
710 0.024151 0 
711 0.013889 0 
712 0.062917 0 
713 0.046160 0 
714 0.030143 0 
715 0.013685 0 
716 0.020091 0 
717 0.040581 0 
718 0.024268 0 
719 0.015705 0 
720 0.026164 0 
721 0.015997 0 
722 0.023232 0 
723 0.018377 0 
724 0.020845 0 
725 0.021672 0 
726 0.040836 0 
727 0.024417 0 
728 0.027632 0 
729 0.011288 0 
730 0.024921 0 
731 0.015878 0 
732 0.023537 0 
733 0.035981 0 
734 0.019862 0 
735 0.019517 0 
736 0.011142 0 
737 0.014187 0 
738 0.024233 0 
739 0.015098 0 
740 0.020600 0 
741 0.011454 0 
742 0.007732 0 
743 0.034788 0 
744 0.022160 0 
745 0.033003 0 
746 0.047682 0 
747 0.031384 0 
748 0.023691 0 
749 0.022789 0 
750 0.017628 0 
751 0.016495 0 
752 0.023839 0 
753 0.023070 0 
754 0.037618 0 
755 0.021352 0 
756 0.024079 0 
757 0.027667 0 
758 0.025353 0 
759 0.022242 0 
760 0.028517 0 
761 0.011400 0 
762 0.017085 0 
763 0.016786 0 
764 0.020240 0 
765 0.017433 0 
766 0.032590 0 
767 0.016313 0 
768 0.016844 0 
769 0.062710 0 
770 0.046424 0 
771 0.029742 0 
772 0.025951 0 
773 0.011206 0 
774 0.042672 0 
775 0.027475 0 
776 0.056240 0 
777 0.040164 0 
778 0.023820 0 
779 0.026131 0 
780 0.023434 0 
781 0.028688 0 
782 0.030017 0 
783 0.017159 0 
784 0.031293 0 
785 0.027297 0 
786 0.014999 0 
787 0.021466 0 
788 0.020242 0 
789 0.008999 0 
790 0.023614 0 
791 0.026927 0 
792 0.020746 0 
793 0.015586 0 
794 0.039843 0 
795 0.023612 0 
796 0.013903 0 
797 0.013082 0 
798 0.024414 0 
799 0.018040 0 
800 0.019783 0 
801 0.023102 0 
802 0.025295 0 
803 0.018239 0 
804 0.014389 0 
805 0.036039 0 
806 0.019516 0 
807 0.022838 0 
808 0.034136 0 
809 0.015787 0 
810 0.017481 0 
811 0.012516 0 
812 0.020288 0 
813 0.025033 0 
814 0.013331 0 
815 0.048548 0 
816 0.031928 0 
817 0.018179 0 
818 0.027425 0 
819 0.032063 0 
820 0.018450 0 
821 0.023456 0 
822 0.021749 0 
823 0.016192 0 
824 0.027500 0 
825 0.027071 0 
826 0.012072 0 
827 0.012579 0 
828 0.028045 0 
829 0.011300 0 
830 0.018876 0 
831 0.027956 0 
832 0.019746 0 
833 0.011898 0 
834 0.026346 0 
835 0.017484 0 
836 0.020959 0 
837 0.015826 0 
838 0.019948 0 
839 0.035149 0 
840 0.018448 0 
841 0.024985 0 
842 0.014376 0 
843 0.017707 0 
844 0.017524 0 
845 0.022568 0 
846 0.024340 0 
847 0.018563 0 
848 0.016733 0 
849 0.017363 0 
850 0.028449 0 
851 0.011592 0 
852 0.020553 0 
853 0.025013 0 
854 0.010876 0 
855 0.020755 0 
856 0.020276 0 
857 0.045131 0 
858 0.028812 0 
859 0.015258 0 
860 0.014125 0 
861 0.009517 0 
862 0.041306 0 
863 0.025134 0 
864 0.011184 0 
865 0.010875 0 
866 0.029926 0 
867 0.017922 0 
868 0.031091 0 
869 0.014818 0 
870 0.025633 0 
871 0.017108 0 
872 0.026535 0 
873 0.016345 0 
874 0.020715 0 
875 0.015918 0 
876 0.019078 0 
877 0.017596 0 
878 0.035089 0 
879 0.019000 0 
880 0.024879 0 
881 0.006368 0 
882 0.022334 0 
883 0.027022 0 
884 0.015856 0 
885 0.025787 0 
886 0.026207 0 
887 0.017235 0 
888 0.037063 0 
889 0.041974 0 
890 0.025640 0 
891 0.016779 0 
892 0.020600 0 
893 0.013493 0 
894 0.017999 0 
895 0.016838 0 
896 0.012160 0 
897 0.015962 0 
898 0.019604 0 
899 0.022629 0 
900 0.030178 0 
901 0.024231 0 
902 0.020416 0 
903 0.028812 0 
904 0.028728 0 
905 0.012053 0 
906 0.022550 0 
907 0.019099 0 
908 0.022527 0 
909 0.032567 0 
910 0.016353 0 
911 0.026571 0 
912 0.028698 0 
913 0.012651 0 
914 0.022650 0 
915 0.011457 0 
916 0.024357 0 
917 0.035309 0 
918 0.018856 0 
919 0.026126 0 
920 0.017792 0 
921 0.017306 0 
922 0.022339 0 
923 0.019557 0 
924 0.018319 0 
925 0.021154 0 
926 0.026405 0 
927 0.031549 0 
928 0.024233 0 
929 0.023014 0 
930 0.014653 0 
931 0.061743 0 
932 0.044786 0 
933 0.029431 0 
934 0.028514 0 
935 0.014902 0 
936 0.018782 0 
937 0.016481 0 
938 0.030879 0 
939 0.039889 0 
940 0.023605 0 
941 0.034272 0 
942 0.018032 0 
943 0.018163 0 
944 0.025278 0 
945 0.012475 0 
946 0.008926 0 
947 0.012761 0 
948 0.021363 0 
949 0.021193 0 
950 0.010841 0 
951 0.031605 0 
952 0.034159 0 
953 0.017904 0 
954 0.019084 0 
955 0.029898 0 
956 0.021678 0 
957 0.012521 0 
958 0.020165 0 
959 0.015172 0 
960 0.018703 0 
961 0.056844 0 
962 0.040479 0 
963 0.024874 0 
964 0.027597 0 
965 0.021991 0 
966 0.014874 0 
967 0.026842 0 
968 0.024379 0 
969 0.013559 0 
970 0.019961 0 
971 0.021232 0 
972 0.019084 0 
973 0.014997 0 
974 0.024768 0 
975 0.027878 0 
976 0.011848 0 
977 0.013014 0 
978 0.008983 0 
979 0.018327 0 
980 0.028820 0 
981 0.023412 0 
982 0.010859 0 
983 0.019411 0 
984 0.025993 0 
985 0.025770 0 
986 0.012387 0 
987 0.028048 0 
988 0.011150 0 
989 0.053537 0 
990 0.036650 0 
991 0.020958 0 
992 0.026304 0 
993 0.013521 0 
994 0.030829 0 
995 0.038842 0 
996 0.022596 0 
997 0.029015 0 
998 0.021835 0 
999 0.023055 0 
1000 0.018596 0 
1001 0.041283 0 
1002 0.024816 0 
1003 0.011897 0 
1004 0.035808 0 
1005 0.019439 0 
1006 0.031096 0 
1007 0.030143 0 
1008 0.056778 0 
1009 0.040689 0 
1010 0.024309 0 
1011 0.012458 0 
1012 0.024698 0 
1013 0.013866 0 
1014 0.032594 0 
1015 0.016077 0 
1016 0.015691 0 
1017 0.015514 0 
1018 0.030363 0 
1019 0.030028 0 
1020 0.014355 0 
1021 0.036946 0 
1022 0.021291 0 
1023 0.029945 0 
1024 0.017164 0 
1025 0.012454 0 
1026 0.016454 0 
1027 0.012928 0 
1028 0.019217 0 
1029 0.025697 0 
1030 0.019204 0 
1031 0.015668 0 
1032 0.017051 0 
1033 0.028447 0 
1034 0.025598 0 
1035 0.014997 0 
1036 0.016732 0 
1037 0.018325 0 
1038 0.023386 0 
1039 0.027698 0 
1040 0.016389 0 
1041 0.016493 0 
1042 0.021031 0 
1043 0.016958 0 
1044 0.034448 0 
1045 0.027580 0 
1046 0.027000 0 
1047 0.016881 0 
1048 0.023247 0 
1049 0.037084 0 
1050 0.020695 0 
1051 0.022390 0 
1052 0.019984 0 
1053 0.021827 0 
1054 0.015361 0 
1055 0.025629 0 
1056 0.030349 0 
1057 0.030149 0 
1058 0.017406 0 
1059 0.011975 0 
1060 0.063302 0 
1061 0.046937 0 
1062 0.030397 0 
1063 0.019957 0 
1064 0.016801 0 
1065 0.016863 0 
1066 0.018848 0 
1067 0.019690 0 
1068 0.022531 0 
1069 0.011111 0 
1070 0.019720 0 
1071 0.040312 0 
1072 0.026502 0 
1073 0.022979 0 
1074 0.018749 0 
1075 0.020867 0 
1076 0.017651 0 
1077 0.037857 0 
1078 0.021274 0 
1079 0.020573 0 
1080 0.024077 0 
1081 0.017647 0 
1082 0.027008 0 
1083 0.017675 0 
1084 0.020656 0 
1085 0.015050 0 
1086 0.043426 0 
1087 0.028146 0 
1088 0.021527 0 
1089 0.023816 0 
1090 0.030477 0 
1091 0.017066 0 
1092 0.018139 0 
1093 0.009490 0 
1094 0.013821 0 
1095 0.017105 0 
1096 0.021298 0 
1097 0.016593 0 
1098 0.022607 0 
1099 0.021698 0 
1100 0.026093 0 
1101 0.022552 0 
1102 0.019494 0 
1103 0.021332 0 
1104 0.030018 0 
1105 0.013735 0 
1106 0.024388 0 
1107 0.009649 0 
1108 0.025437 0 
1109 0.009279 0 
1110 0.043617 0 
1111 0.027773 0 
1112 0.011649 0 
1113 0.028781 0 
1114 0.015649 0 
1115 0.023571 0 
1116 0.017692 0 
1117 0.033985 0 
1118 0.018397 0 
1119 0.023124 0 
1120 0.015011 0 
1121 0.021612 0 
1122 0.018245 0 
1123 0.011629 0 
1124 0.024675 0 
1125 0.021871 0 
1126 0.021921 0 
1127 0.050023 0 
1128 0.033832 0 
1129 0.036040 0 
1130 0.054636 0 
1131 0.038487 0 
1132 0.023292 0 
1133 0.032372 0 
1134 0.016171 0 
1135 0.014646 0 
1136 0.026076 0 
1137 0.025975 0 
1138 0.020939 0 
1139 0.011639 0 
1140 0.013324 0 
1141 0.026370 0 
1142 0.025932 0 
1143 0.020572 0 
1144 0.042925 0 
1145 0.047859 0 
1146 0.035783 0 
1147 0.019293 0 
1148 0.020056 0 
1149 0.012270 0 
1150 0.018808 0 
1151 0.015793 0 
1152 0.020085 0 
1153 0.017474 0 
1154 0.024516 0 
1155 0.028184 0 
1156 0.014941 0 
1157 0.019954 0 
1158 0.020627 0 
1159 0.017385 0 
1160 0.026846 0 
1161 0.020453 0 
1162 0.040739 0 
1163 0.024434 0 
1164 0.028729 0 
1165 0.042887 0 
1166 0.026657 0 
1167 0.013210 0 
1168 0.043903 0 
1169 0.027611 0 
1170 0.011377 0 
1171 0.025199 0 
1172 0.015192 0 
1173 0.033244 0 
1174 0.018387 0 
1175 0.049732 0 
1176 0.033300 0 
1177 0.038659 0 
1178 0.021873 0 
1179 0.016537 0 
1180 0.015495 0 
1181 0.018235 0 
1182 0.014940 0 
1183 0.048150 0 
1184 0.038211 0 
1185 0.021542 0 
1186 0.018104 0 
1187 0.013972 0 
1188 0.016827 0 
1189 0.010750 0 
1190 0.016838 0 
1191 0.023336 0 
1192 0.017420 0 
1193 0.034306 0 
1194 0.040909 0 
1195 0.024058 0 
1196 0.054706 0 
1197 0.038011 0 
1198 0.024357 0 
1199 0.035977 0 
1200 0.030255 0 
1201 0.015900 0 
1202 0.026956 0 
1203 0.016368 0 
1204 0.018373 0 
1205 0.017607 0 
1206 0.012087 0 
1207 0.024384 0 
1208 0.010016 0 
1209 0.018226 0 
1210 0.030714 0 
1211 0.014522 0 
1212 0.014720 0 
1213 0.016251 0 
1214 0.019979 0 
1215 0.012878 0 
1216 0.018494 0 
1217 0.021470 0 
1218 0.024086 0 
1219 0.012619 0 
1220 0.009521 0 
1221 0.026726 0 
1222 0.016542 0 
1223 0.014971 0 
1224 0.011720 0 
1225 0.028895 0 
1226 0.012630 0 
1227 0.022325 0 
1228 0.022046 0 
1229 0.048001 0 
1230 0.031684 0 
1231 0.016916 0 
1232 0.037364 0 
1233 0.021278 0 
1234 0.019846 0 
1235 0.032186 0 
1236 0.019482 0 
1237 0.018714 0 
1238 0.021717 0 
1239 0.021222 0 
1240 0.022035 0 
1241 0.019938 0 
1242 0.016841 0 
1243 0.020444 0 
1244 0.009881 0 
1245 0.014527 0 
1246 0.031190 0 
1247 0.022449 0 
1248 0.025643 0 
1249 0.019391 0 
1250 0.019566 0 
1251 0.017536 0 
1252 0.019011 0 
1253 0.015431 0 
1254 0.018197 0 
1255 0.036776 0 
1256 0.020484 0 
1257 0.020821 0 
1258 0.019442 0 
1259 0.020815 0 
1260 0.017976 0 
1261 0.022742 0 
1262 0.018840 0 
1263 0.039711 0 
1264 0.023508 0 
1265 0.015663 0 
1266 0.010904 0 
1267 0.022274 0 
1268 0.017077 0 
1269 0.037791 0 
1270 0.021499 0 
1271 0.020249 0 
1272 0.052665 0 
1273 0.036857 0 
1274 0.021793 0 
1275 0.023957 0 
1276 0.019310 0 
1277 0.013119 0 
1278 0.033141 0 
1279 0.031284 0 
1280 0.019414 0 
1281 0.014235 0 
1282 0.047616 0 
1283 0.031120 0 
1284 0.014755 0 
1285 0.021628 0 
1286 0.020231 0 
1287 0.033465 0 
1288 0.022243 0 
1289 0.028676 0 
1290 0.014984 0 
1291 0.027036 0 
1292 0.012702 0 
1293 0.010489 0 
1294 0.011153 0 
1295 0.036666 0 
1296 0.020896 0 
1297 0.021738 0 
1298 0.011718 0 
1299 0.022424 0 
1300 0.025147 0 
1301 0.020067 0 
1302 0.035830 0 
1303 0.019396 0 
1304 0.023474 0 
1305 0.022100 0 
1306 0.009918 0 
1307 0.032049 0 
1308 0.016733 0 
1309 0.019616 0 
1310 0.024975 0 
1311 0.017553 0 
1312 0.036438 0 
1313 0.020023 0 
1314 0.021091 0 
1315 0.020150 0 
1316 0.055355 0 
1317 0.039170 0 
1318 0.023000 0 
1319 0.029712 0 
1320 0.016583 0 
1321 0.023782 0 
1322 0.025021 0 
1323 0.038675 0 
1324 0.040718 0 
1325 0.024602 0 
1326 0.013021 0 
1327 0.010907 0 
1328 0.021491 0 
1329 0.007819 0 
1330 0.023208 0 
1331 0.010434 0 
1332 0.010937 0 
1333 0.046989 0 
1334 0.030726 0 
1335 0.029859 0 
1336 0.013780 0 
1337 0.021732 0 
1338 0.017824 0 
1339 0.046618 0 
1340 0.030774 0 
1341 0.025258 0 
1342 0.043110 0 
1343 0.026763 0 
1344 0.022194 0 
1345 0.032022 0 
1346 0.014944 0 
1347 0.015542 0 
1348 0.024713 0 
1349 0.042271 0 
1350 0.026065 0 
1351 0.019312 0 
1352 0.036402 0 
1353 0.020046 0 
1354 0.030882 0 
1355 0.025331 0 
1356 0.025850 0 
1357 0.012453 0 
1358 0.022553 0 
1359 0.011270 0 
1360 0.039529 0 
1361 0.023266 0 
1362 0.012573 0 
1363 0.027690 0 
1364 0.023180 0 
1365 0.012711 0 
1366 0.018584 0 
1367 0.027719 0 
1368 0.021705 0 
1369 0.011882 0 
1370 0.032864 0 
1371 0.016986 0 
1372 0.015516 0 
1373 0.040518 0 
1374 0.024339 0 
1375 0.022827 0 
1376 0.014675 0 
1377 0.018894 0 
1378 0.018090 0 
1379 0.016751 0 
1380 0.024481 0 
1381 0.008594 0 
1382 0.014175 0 
1383 0.018569 0 
1384 0.052634 0 
1385 0.057932 0 
1386 0.041768 0 
1387 0.025082 0 
1388 0.031523 0 
1389 0.018008 0 
1390 0.018711 0 
1391 0.025221 0 
1392 0.010407 0 
1393 0.019758 0 
1394 0.018915 0 
1395 0.017727 0 
1396 0.015836 0 
1397 0.023865 0 
1398 0.016305 0 
1399 0.026172 0 
1400 0.024106 0 
1401 0.017444 0 
1402 0.021022 0 
1403 0.018053 0 
1404 0.012847 0 
1405 0.028684 0 
1406 0.020707 0 
1407 0.021958 0 
1408 0.021212 0 
1409 0.024575 0 
1410 0.015248 0 
1411 0.031859 0 
1412 0.024240 0 
1413 0.017556 0 
1414 0.017601 0 
1415 0.018667 0 
1416 0.033771 0 
1417 0.023209 0 
1418 0.020857 0 
1419 0.019800 0 
1420 0.041555 0 
1421 0.025088 0 
1422 0.009719 0 
1423 0.012064 0 
1424 0.028534 0 
1425 0.049675 0 
1426 0.033542 0 
1427 0.020826 0 
1428 0.031585 0 
1429 0.014756 0 
1430 0.016997 0 
1431 0.021523 0 
1432 0.017706 0 
1433 0.010830 0 
1434 0.014381 0 
1435 0.021039 0 
1436 0.016319 0 
1437 0.046533 0 
1438 0.029933 0 
1439 0.027949 0 
1440 0.016888 0 
1441 0.021371 0 
1442 0.021275 0 
1443 0.014420 0 
1444 0.028277 0 
1445 0.014522 0 
1446 0.025328 0 
1447 0.010489 0 
1448 0.016623 0 
1449 0.025133 0 
1450 0.011993 0 
1451 0.017148 0 
1452 0.020561 0 
1453 0.020610 0 
1454 0.029029 0 
1455 0.020434 0 
1456 0.035852 0 
1457 0.019570 0 
1458 0.025163 0 
1459 0.012876 0 
1460 0.025609 0 
1461 0.010257 0 
1462 0.032472 0 
1463 0.016125 0 
1464 0.020582 0 
1465 0.019448 0 
1466 0.022103 0 
1467 0.019453 0 
1468 0.013168 0 
1469 0.025432 0 
1470 0.021062 0 
1471 0.020861 0 
1472 0.026572 0 
1473 0.019084 0 
1474 0.009870 0 
1475 0.016176 0 
1476 0.031925 0 
1477 0.015814 0 
1478 0.025664 0 
1479 0.015023 0 
1480 0.037295 0 
1481 0.020569 0 
1482 0.023876 0 
1483 0.014492 0 
1484 0.035279 0 
1485 0.018547 0 
1486 0.034784 0 
1487 0.023471 0 
1488 0.025806 0 
1489 0.009497 0 
1490 0.014268 0 
1491 0.017103 0 
1492 0.020214 0 
1493 0.014955 0 
1494 0.017579 0 
1495 0.015803 0 
1496 0.017557 0 
1497 0.031367 0 
1498 0.014899 0 
1499 0.029899 0 
1500 0.034428 0 
1501 0.034083 0 
1502 0.020171 0 
1503 0.016023 0 
1504 0.018746 0 
1505 0.015142 0 
1506 0.020588 0 
1507 0.025874 0 
1508 0.012974 0 
1509 0.027625 0 
1510 0.021139 0 
1511 0.025923 0 
1512 0.018119 0 
1513 0.022136 0 
1514 0.031425 0 
1515 0.027364 0 
1516 0.010973 0 
1517 0.023060 0 
1518 0.029190 0 
1519 0.016857 0 
1520 0.035228 0 
1521 0.018758 0 
1522 0.031082 0 
1523 0.019288 0 
1524 0.028095 0 
1525 0.011791 0 
1526 0.027288 0 
1527 0.011853 0 
1528 0.022073 0 
1529 0.010244 0 
1530 0.015495 0 
1531 0.013062 0 
1532 0.027147 0 
1533 0.016022 0 
1534 0.016246 0 
1535 0.010942 0 
1536 0.018568 0 
1537 0.019868 0 
1538 0.026806 0 
1539 0.020079 0 
1540 0.029221 0 
1541 0.020333 0 
1542 0.027762 0 
1543 0.024431 0 
1544 0.008452 0 
1545 0.013042 0 
1546 0.011314 0 
1547 0.019093 0 
1548 0.017817 0 
1549 0.019059 0 
1550 0.018141 0 
1551 0.023988 0 
1552 0.028231 0 
1553 0.019206 0 
1554 0.019969 0 
1555 0.012840 0 
1556 0.017955 0 
1557 0.016010 0 
1558 0.012840 0 
1559 0.016327 0 
1560 0.020506 0 
1561 0.009141 0 
1562 0.018113 0 
1563 0.018902 0 
1564 0.025637 0 
1565 0.025110 0 
1566 0.014050 0 
1567 0.021972 0 
1568 0.022364 0 
1569 0.027802 0 
1570 0.011471 0 
1571 0.018599 0 
1572 0.022428 0 
1573 0.023257 0 
1574 0.016051 0 
1575 0.030212 0 
1576 0.013497 0 
1577 0.018733 0 
1578 0.018565 0 
1579 0.015439 0 
1580 0.042521 0 
1581 0.027311 0 
1582 0.022692 0 
1583 0.038105 0 
1584 0.035292 0 
1585 0.019162 0 
1586 0.059698 0 
1587 0.043384 0 
1588 0.061618 0 
1589 0.045387 0 
1590 0.028915 0 
1591 0.013122 0 
1592 0.019256 0 
1593 0.012565 0 
1594 0.031634 0 
1595 0.032711 0 
1596 0.016426 0 
1597 0.018986 0 
1598 0.015982 0 
1599 0.014090 0 
1600 0.033533 0 
1601 0.017847 0 
1602 0.023703 0 
1603 0.010989 0 
1604 0.011070 0 
1605 0.020054 0 
1606 0.023296 0 
1607 0.009548 0 
1608 0.029341 0 
1609 0.012487 0 
1610 0.014112 0 
1611 0.036041 0 
1612 0.019350 0 
1613 0.013247 0 
1614 0.011676 0 
1615 0.021223 0 
1616 0.021893 0 
1617 0.022274 0 
1618 0.017539 0 
1619 0.017294 0 
1620 0.011969 0 
1621 0.012457 0 
1622 0.017469 0 
1623 0.012287 0 
1624 0.023348 0 
1625 0.010723 0 
1626 0.014610 0 
1627 0.015912 0 
1628 0.034770 0 
1629 0.018596 0 
1630 0.017299 0 
1631 0.028692 0 
1632 0.014493 0 
1633 0.017673 0 
1634 0.014233 0 
1635 0.028856 0 
1636 0.022979 0 
1637 0.017955 0 
1638 0.020993 0 
1639 0.026442 0 
1640 0.024482 0 
1641 0.015409 0 
1642 0.026068 0 
1643 0.010135 0 
1644 0.015290 0 
1645 0.027272 0 
1646 0.011152 0 
1647 0.017135 0 
1648 0.018290 0 
1649 0.041810 0 
1650 0.036408 0 
1651 0.020130 0 
1652 0.016930 0 
1653 0.045306 0 
1654 0.029178 0 
1655 0.028438 0 
1656 0.012573 0 
1657 0.025944 0 
1658 0.013844 0 
1659 0.025025 0 
1660 0.014689 0 
1661 0.022450 0 
1662 0.023440 0 
1663 0.040024 0 
1664 0.023261 0 
1665 0.026732 0 
1666 0.020346 0 
1667 0.041243 0 
1668 0.025055 0 
1669 0.041050 0 
1670 0.024674 0 
1671 0.012757 0 
1672 0.016885 0 
1673 0.019671 0 
1674 0.026224 0 
1675 0.011369 0 
1676 0.017128 0 
1677 0.013722 0 
1678 0.021133 0 
1679 0.039550 0 
1680 0.032645 0 
1681 0.037287 0 
1682 0.025479 0 
1683 0.023121 0 
1684 0.019879 0 
1685 0.010243 0 
1686 0.043709 0 
1687 0.043735 0 
1688 0.037019 0 
1689 0.030224 0 
1690 0.022672 0 
1691 0.019222 0 
1692 0.028895 0 
1693 0.013541 0 
1694 0.018884 0 
1695 0.014126 0 
1696 0.014157 0 
1697 0.038080 0 
1698 0.021800 0 
1699 0.025248 0 
1700 0.031996 0 
1701 0.026448 0 
1702 0.014617 0 
1703 0.010015 0 
1704 0.015665 0 
1705 0.045484 0 
1706 0.029748 0 
1707 0.020788 0 
1708 0.019817 0 
1709 0.049807 0 
1710 0.033536 0 
1711 0.017283 0 
1712 0.031292 0 
1713 0.038222 0 
1714 0.021871 0 
1715 0.024588 0 
1716 0.017667 0 
1717 0.013741 0 
1718 0.034182 0 
1719 0.019549 0 
1720 0.013649 0 
1721 0.024731 0 
1722 0.030144 0 
1723 0.017015 0 
1724 0.042262 0 
1725 0.038121 0 
1726 0.021869 0 
1727 0.017449 0 
1728 0.015893 0 
1729 0.017223 0 
1730 0.021651 0 
1731 0.016789 0 
1732 0.025985 0 
1733 0.008519 0 
1734 0.021367 0 
1735 0.025087 0 
1736 0.011939 0 
1737 0.020017 0 
1738 0.040698 0 
1739 0.024487 0 
1740 0.012823 0 
1741 0.023903 0 
1742 0.027791 0 
1743 0.016324 0 
1744 0.025909 0 
1745 0.027352 0 
1746 0.039067 0 
1747 0.022683 0 
1748 0.036443 0 
1749 0.019181 0 
1750 0.018987 0 
1751 0.022369 0 
1752 0.023249 0 
1753 0.020464 0 
1754 0.016315 0 
1755 0.029232 0 
1756 0.012671 0 
1757 0.050373 0 
1758 0.033882 0 
1759 0.017576 0 
1760 0.027225 0 
1761 0.017978 0 
1762 0.022671 0 
1763 0.019160 0 
1764 0.016608 0 
1765 0.011336 0 
1766 0.034955 0 
1767 0.031250 0 
1768 0.026144 0 
1769 0.014498 0 
1770 0.025115 0 
1771 0.032277 0 
1772 0.028999 0 
1773 0.012993 0 
1774 0.027608 0 
1775 0.016197 0 
1776 0.014504 0 
1777 0.015364 0 
1778 0.023922 0 
1779 0.024546 0 
1780 0.014555 0 
1781 0.032159 0 
1782 0.015994 0 
1783 0.023624 0 
1784 0.016441 0 
1785 0.021261 0 
1786 0.022810 0 
1787 0.018773 0 
1788 0.019913 0 
1789 0.034418 0 
1790 0.018800 0 
1791 0.027187 0 
1792 0.012542 0 
1793 0.024575 0 
1794 0.037724 0 
1795 0.021434 0 
1796 0.027182 0 
1797 0.020700 0 
1798 0.026360 0 
1799 0.014143 0 
1800 0.012247 0 
1801 0.014132 0 
1802 0.025371 0 
1803 0.012294 0 
1804 0.014152 0 
1805 0.010821 0 
