2024-08-14 19:44:09
../stream-replay/logs/rtt-6205@128.txt
1 0.046188 0 
2 0.029548 0 
3 0.025081 0 
4 0.032028 0 
5 0.016044 0 
6 0.016079 0 
7 0.014134 0 
8 0.011351 0 
9 0.011589 0 
10 0.016282 0 
11 0.007841 0 
12 0.011774 0 
13 0.015189 0 
14 0.020929 0 
15 0.005749 0 
16 0.017211 0 
17 0.011400 0 
18 0.035794 0 
19 0.019379 0 
20 0.012588 0 
21 0.014151 0 
22 0.023562 0 
23 0.007174 0 
24 0.010620 0 
25 0.017580 0 
26 0.005739 0 
27 0.035157 0 
28 0.019090 0 
29 0.012374 0 
30 0.006883 0 
31 0.020205 0 
32 0.019606 0 
33 0.031076 0 
34 0.014658 0 
35 0.024949 0 
36 0.010087 0 
37 0.025237 0 
38 0.032708 0 
39 0.016157 0 
40 0.021153 0 
41 0.026747 0 
42 0.018023 0 
43 0.016862 0 
44 0.027994 0 
45 0.011612 0 
46 0.021474 0 
47 0.024801 0 
48 0.021865 0 
49 0.012496 0 
50 0.036944 0 
51 0.019996 0 
52 0.029629 0 
53 0.017942 0 
54 0.023915 0 
55 0.023950 0 
56 0.033978 0 
57 0.017315 0 
58 0.045185 0 
59 0.028517 0 
60 0.014701 0 
61 0.041015 0 
62 0.024527 0 
63 0.042561 0 
64 0.025929 0 
65 0.017297 0 
66 0.019942 0 
67 0.021588 0 
68 0.023680 0 
69 0.023775 0 
70 0.007317 0 
71 0.020303 0 
72 0.030012 0 
73 0.041384 0 
74 0.024803 0 
75 0.022253 0 
76 0.015857 0 
77 0.038161 0 
78 0.021590 0 
79 0.024873 0 
80 0.014541 0 
81 0.019328 0 
82 0.019886 0 
83 0.015168 0 
84 0.022455 0 
85 0.017442 0 
86 0.009348 0 
87 0.018965 0 
88 0.022623 0 
89 0.023953 0 
90 0.012331 0 
91 0.020627 0 
92 0.043628 0 
93 0.027769 0 
94 0.015163 0 
95 0.020620 0 
96 0.023617 0 
97 0.028164 0 
98 0.014138 0 
99 0.024779 0 
100 0.020593 0 
101 0.026446 0 
102 0.015791 0 
103 0.029016 0 
104 0.012612 0 
105 0.036122 0 
106 0.019690 0 
107 0.040883 0 
108 0.024691 0 
109 0.012657 0 
110 0.021625 0 
111 0.025321 0 
112 0.016301 0 
113 0.025795 0 
114 0.024879 0 
115 0.012686 0 
116 0.023220 0 
117 0.020484 0 
118 0.022515 0 
119 0.033492 0 
120 0.016460 0 
121 0.015959 0 
122 0.017597 0 
123 0.022105 0 
124 0.011133 0 
125 0.019696 0 
126 0.016860 0 
127 0.011971 0 
128 0.017668 0 
129 0.016193 0 
130 0.017848 0 
131 0.016590 0 
132 0.021530 0 
133 0.021706 0 
134 0.022779 0 
135 0.018412 0 
136 0.015368 0 
137 0.016715 0 
138 0.019225 0 
139 0.013903 0 
140 0.014117 0 
141 0.030623 0 
142 0.034209 0 
143 0.017749 0 
144 0.016726 0 
145 0.023035 0 
146 0.029537 0 
147 0.020318 0 
148 0.014520 0 
149 0.028120 0 
150 0.011770 0 
151 0.016537 0 
152 0.019590 0 
153 0.017928 0 
154 0.019125 0 
155 0.011740 0 
156 0.019536 0 
157 0.044562 0 
158 0.049500 0 
159 0.033071 0 
160 0.016489 0 
161 0.013282 0 
162 0.018759 0 
163 0.016164 0 
164 0.013310 0 
165 0.011382 0 
166 0.020384 0 
167 0.011127 0 
168 0.018626 0 
169 0.040158 0 
170 0.023762 0 
171 0.015597 0 
172 0.011958 0 
173 0.044707 0 
174 0.027360 0 
175 0.019017 0 
176 0.024568 0 
177 0.032925 0 
178 0.016325 0 
179 0.010825 0 
180 0.035320 0 
181 0.060546 0 
182 0.044105 0 
183 0.027478 0 
184 0.016690 0 
185 0.015364 0 
186 0.026494 0 
187 0.022418 0 
188 0.033895 0 
189 0.027025 0 
190 0.018628 0 
191 0.019686 0 
192 0.020637 0 
193 0.021573 0 
194 0.018450 0 
195 0.021135 0 
196 0.021210 0 
197 0.011373 0 
198 0.021724 0 
199 0.030043 0 
200 0.022456 0 
201 0.021823 0 
202 0.017376 0 
203 0.013108 0 
204 0.029393 0 
205 0.016104 0 
206 0.022118 0 
207 0.021467 0 
208 0.039843 0 
209 0.034031 0 
210 0.017609 0 
211 0.032879 0 
212 0.016224 0 
213 0.027278 0 
214 0.025596 0 
215 0.015108 0 
216 0.012772 0 
217 0.016356 0 
218 0.053123 0 
219 0.036634 0 
220 0.019473 0 
221 0.012031 0 
222 0.012827 0 
223 0.021788 0 
224 0.012797 0 
225 0.018199 0 
226 0.020582 0 
227 0.021785 0 
228 0.022918 0 
229 0.025717 0 
230 0.018739 0 
231 0.009563 0 
232 0.011038 0 
233 0.026741 0 
234 0.010477 0 
235 0.009229 0 
236 0.014100 0 
237 0.022402 0 
238 0.019925 0 
239 0.022153 0 
240 0.010041 0 
241 0.024107 0 
242 0.017833 0 
243 0.013854 0 
244 0.025332 0 
245 0.027665 0 
246 0.040172 0 
247 0.023437 0 
248 0.016168 0 
249 0.021081 0 
250 0.014933 0 
251 0.043570 0 
252 0.026047 0 
253 0.022567 0 
254 0.017763 0 
255 0.020231 0 
256 0.021425 0 
257 0.017762 0 
258 0.015364 0 
259 0.014189 0 
260 0.016007 0 
261 0.021010 0 
262 0.020742 0 
263 0.019758 0 
264 0.015815 0 
265 0.013097 0 
266 0.010451 0 
267 0.011253 0 
268 0.030097 0 
269 0.023809 0 
270 0.010624 0 
271 0.012857 0 
272 0.017001 0 
273 0.023735 0 
274 0.025657 0 
275 0.010516 0 
276 0.021964 0 
277 0.017115 0 
278 0.017392 0 
279 0.022182 0 
280 0.026125 0 
281 0.009223 0 
282 0.021173 0 
283 0.018001 0 
284 0.017255 0 
285 0.030079 0 
286 0.015577 0 
287 0.022125 0 
288 0.040331 0 
289 0.023738 0 
290 0.010369 0 
291 0.016243 0 
292 0.014004 0 
293 0.023733 0 
294 0.011083 0 
295 0.034007 0 
296 0.017716 0 
297 0.018410 0 
298 0.015673 0 
299 0.019539 0 
300 0.028411 0 
301 0.057579 0 
302 0.039363 0 
303 0.027865 0 
304 0.011654 0 
305 0.018194 0 
306 0.027227 0 
307 0.041500 0 
308 0.025154 0 
309 0.021833 0 
310 0.027656 0 
311 0.032321 0 
312 0.016500 0 
313 0.013658 0 
314 0.032369 0 
315 0.025589 0 
316 0.011570 0 
317 0.038616 0 
318 0.022218 0 
319 0.024181 0 
320 0.021814 0 
321 0.021487 0 
322 0.019584 0 
323 0.019974 0 
324 0.020328 0 
325 0.031763 0 
326 0.034047 0 
327 0.018087 0 
328 0.019961 0 
329 0.018553 0 
330 0.021358 0 
331 0.012277 0 
332 0.015955 0 
333 0.019557 0 
334 0.048229 0 
335 0.031536 0 
336 0.020483 0 
337 0.050089 0 
338 0.033387 0 
339 0.016566 0 
340 0.020849 0 
341 0.022232 0 
342 0.017666 0 
343 0.029035 0 
344 0.022130 0 
345 0.017129 0 
346 0.012827 0 
347 0.027560 0 
348 0.022046 0 
349 0.013435 0 
350 0.017400 0 
351 0.037273 0 
352 0.020783 0 
353 0.017173 0 
354 0.021019 0 
355 0.035290 0 
356 0.018555 0 
357 0.018082 0 
358 0.021881 0 
359 0.010659 0 
360 0.026315 0 
361 0.011974 0 
362 0.020402 0 
363 0.019193 0 
364 0.014047 0 
365 0.015774 0 
366 0.017055 0 
367 0.020385 0 
368 0.019639 0 
369 0.018423 0 
370 0.029941 0 
371 0.020206 0 
372 0.023795 0 
373 0.010696 0 
374 0.016268 0 
375 0.012000 0 
376 0.015868 0 
377 0.008909 0 
378 0.015390 0 
379 0.022040 0 
380 0.028300 0 
381 0.032498 0 
382 0.017199 0 
383 0.011869 0 
384 0.018320 0 
385 0.021498 0 
386 0.026125 0 
387 0.013679 0 
388 0.028108 0 
389 0.015421 0 
390 0.021555 0 
391 0.027575 0 
392 0.020854 0 
393 0.029200 0 
394 0.016346 0 
395 0.016525 0 
396 0.018621 0 
397 0.021372 0 
398 0.014398 0 
399 0.029071 0 
400 0.012536 0 
401 0.028592 0 
402 0.012705 0 
403 0.029172 0 
404 0.012104 0 
405 0.018905 0 
406 0.023510 0 
407 0.011725 0 
408 0.016454 0 
409 0.030582 0 
410 0.031983 0 
411 0.020077 0 
412 0.021715 0 
413 0.029849 0 
414 0.016263 0 
415 0.017935 0 
416 0.019438 0 
417 0.034213 0 
418 0.026025 0 
419 0.012838 0 
420 0.025518 0 
421 0.035640 0 
422 0.055621 0 
423 0.038916 0 
424 0.022631 0 
425 0.023557 0 
426 0.019829 0 
427 0.022901 0 
428 0.027899 0 
429 0.021259 0 
430 0.016138 0 
431 0.031856 0 
432 0.015291 0 
433 0.022902 0 
434 0.025198 0 
435 0.020617 0 
436 0.017981 0 
437 0.025524 0 
438 0.015128 0 
439 0.028356 0 
440 0.011929 0 
441 0.032584 0 
442 0.031024 0 
443 0.020488 0 
444 0.019826 0 
445 0.010745 0 
446 0.019826 0 
447 0.032728 0 
448 0.016238 0 
449 0.025123 0 
450 0.009722 0 
451 0.022833 0 
452 0.026309 0 
453 0.034400 0 
454 0.017188 0 
455 0.015284 0 
456 0.026772 0 
457 0.019132 0 
458 0.015497 0 
459 0.033061 0 
460 0.020892 0 
461 0.038920 0 
462 0.022595 0 
463 0.010347 0 
464 0.009545 0 
465 0.024183 0 
466 0.022612 0 
467 0.014732 0 
468 0.024420 0 
469 0.024538 0 
470 0.017381 0 
471 0.017707 0 
472 0.020900 0 
473 0.028588 0 
474 0.016448 0 
475 0.022042 0 
476 0.012326 0 
477 0.038820 0 
478 0.025486 0 
479 0.035655 0 
480 0.033946 0 
481 0.044737 0 
482 0.028245 0 
483 0.022184 0 
484 0.033252 0 
485 0.016600 0 
486 0.017948 0 
487 0.027192 0 
488 0.014711 0 
489 0.016538 0 
490 0.027539 0 
491 0.018263 0 
492 0.022917 0 
493 0.040689 0 
494 0.023883 0 
495 0.023525 0 
496 0.018493 0 
497 0.025966 0 
498 0.013541 0 
499 0.016015 0 
500 0.014044 0 
501 0.018252 0 
502 0.018855 0 
503 0.019173 0 
504 0.027491 0 
505 0.023199 0 
506 0.009342 0 
507 0.057136 0 
508 0.040535 0 
509 0.023844 0 
510 0.020352 0 
511 0.014157 0 
512 0.014327 0 
513 0.022568 0 
514 0.019219 0 
515 0.028666 0 
516 0.012092 0 
517 0.022616 0 
518 0.008950 0 
519 0.037490 0 
520 0.026169 0 
521 0.021086 0 
522 0.024714 0 
523 0.028481 0 
524 0.012294 0 
525 0.023601 0 
526 0.017114 0 
527 0.039401 0 
528 0.026324 0 
529 0.014856 0 
530 0.024047 0 
531 0.018600 0 
532 0.020365 0 
533 0.028871 0 
534 0.022638 0 
535 0.013749 0 
536 0.017908 0 
537 0.017493 0 
538 0.014922 0 
539 0.021978 0 
540 0.017481 0 
541 0.023397 0 
542 0.016878 0 
543 0.022122 0 
544 0.013035 0 
545 0.027090 0 
546 0.017091 0 
547 0.024579 0 
548 0.012610 0 
549 0.015247 0 
550 0.050377 0 
551 0.049570 0 
552 0.043644 0 
553 0.027109 0 
554 0.010414 0 
555 0.021495 0 
556 0.030588 0 
557 0.035302 0 
558 0.018980 0 
559 0.029372 0 
560 0.021635 0 
561 0.016207 0 
562 0.016025 0 
563 0.016104 0 
564 0.020042 0 
565 0.014898 0 
566 0.011561 0 
567 0.020727 0 
568 0.017148 0 
569 0.028801 0 
570 0.013030 0 
571 0.007945 0 
572 0.011544 0 
573 0.027635 0 
574 0.014309 0 
575 0.010086 0 
576 0.039252 0 
577 0.022822 0 
578 0.010207 0 
579 0.021935 0 
580 0.033973 0 
581 0.017861 0 
582 0.032825 0 
583 0.016787 0 
584 0.010881 0 
585 0.014953 0 
586 0.013364 0 
587 0.027244 0 
588 0.028595 0 
589 0.016608 0 
590 0.025926 0 
591 0.011615 0 
592 0.011490 0 
593 0.015728 0 
594 0.020644 0 
595 0.019465 0 
596 0.016933 0 
597 0.012610 0 
598 0.013605 0 
599 0.016092 0 
600 0.023050 0 
601 0.018202 0 
602 0.017410 0 
603 0.026082 0 
604 0.022230 0 
605 0.032267 0 
606 0.015763 0 
607 0.031612 0 
608 0.018944 0 
609 0.016535 0 
610 0.039909 0 
611 0.023261 0 
612 0.019552 0 
613 0.021529 0 
614 0.027118 0 
615 0.017003 0 
616 0.021940 0 
617 0.025981 0 
618 0.014082 0 
619 0.023121 0 
620 0.010499 0 
621 0.014606 0 
622 0.017137 0 
623 0.016622 0 
624 0.021524 0 
625 0.026763 0 
626 0.013274 0 
627 0.025048 0 
628 0.035010 0 
629 0.018019 0 
630 0.031250 0 
631 0.016930 0 
632 0.026418 0 
633 0.014071 0 
634 0.013483 0 
635 0.027703 0 
636 0.011355 0 
637 0.017572 0 
638 0.026285 0 
639 0.020697 0 
640 0.010953 0 
641 0.027485 0 
642 0.013392 0 
643 0.029929 0 
644 0.046541 0 
645 0.030162 0 
646 0.013993 0 
647 0.023219 0 
648 0.018013 0 
649 0.021620 0 
650 0.012561 0 
651 0.019649 0 
652 0.033067 0 
653 0.017334 0 
654 0.023059 0 
655 0.021191 0 
656 0.025140 0 
657 0.018919 0 
658 0.023387 0 
659 0.047229 0 
660 0.030772 0 
661 0.040207 0 
662 0.023804 0 
663 0.022756 0 
664 0.034745 0 
665 0.017694 0 
666 0.026214 0 
667 0.018356 0 
668 0.015138 0 
669 0.025174 0 
670 0.030633 0 
671 0.028673 0 
672 0.019682 0 
673 0.030241 0 
674 0.023689 0 
675 0.036405 0 
676 0.019150 0 
677 0.017236 0 
678 0.015115 0 
679 0.040409 0 
680 0.023601 0 
681 0.022203 0 
682 0.010896 0 
683 0.036719 0 
684 0.019527 0 
685 0.015249 0 
686 0.015035 0 
687 0.025740 0 
688 0.044937 0 
689 0.028578 0 
690 0.022834 0 
691 0.014303 0 
692 0.021155 0 
693 0.043094 0 
694 0.026797 0 
695 0.026811 0 
696 0.009269 0 
697 0.013454 0 
698 0.024451 0 
699 0.011656 0 
700 0.028105 0 
701 0.011720 0 
702 0.021180 0 
703 0.023923 0 
704 0.012891 0 
705 0.029231 0 
706 0.023429 0 
707 0.010530 0 
708 0.019891 0 
709 0.027809 0 
710 0.019046 0 
711 0.034827 0 
712 0.021168 0 
713 0.011381 0 
714 0.034447 0 
715 0.017681 0 
716 0.058428 0 
717 0.041839 0 
718 0.025278 0 
719 0.025498 0 
720 0.012792 0 
721 0.028069 0 
722 0.012141 0 
723 0.044296 0 
724 0.027688 0 
725 0.011196 0 
726 0.024614 0 
727 0.019536 0 
728 0.019023 0 
729 0.030349 0 
730 0.013942 0 
731 0.021156 0 
732 0.010443 0 
733 0.014451 0 
734 0.020771 0 
735 0.049938 0 
736 0.033697 0 
737 0.023832 0 
738 0.011340 0 
739 0.018325 0 
740 0.022356 0 
741 0.024567 0 
742 0.016819 0 
743 0.027540 0 
744 0.017492 0 
745 0.036801 0 
746 0.020415 0 
747 0.026663 0 
748 0.012188 0 
749 0.010673 0 
750 0.013987 0 
751 0.016118 0 
752 0.013947 0 
753 0.032661 0 
754 0.016448 0 
755 0.020211 0 
756 0.018831 0 
757 0.023901 0 
758 0.013283 0 
759 0.017460 0 
760 0.024424 0 
761 0.019017 0 
762 0.024405 0 
763 0.010141 0 
764 0.017545 0 
765 0.038553 0 
766 0.023728 0 
767 0.009897 0 
768 0.024097 0 
769 0.013947 0 
770 0.016844 0 
771 0.015170 0 
772 0.021382 0 
773 0.032057 0 
774 0.026812 0 
775 0.022818 0 
776 0.014867 0 
777 0.011977 0 
778 0.020736 0 
779 0.018359 0 
780 0.028423 0 
781 0.014501 0 
782 0.033113 0 
783 0.025011 0 
784 0.018721 0 
785 0.026608 0 
786 0.010352 0 
787 0.017682 0 
788 0.018542 0 
789 0.022604 0 
790 0.024683 0 
791 0.023403 0 
792 0.026488 0 
793 0.012911 0 
794 0.021359 0 
795 0.018504 0 
796 0.019493 0 
797 0.024162 0 
798 0.019273 0 
799 0.019072 0 
800 0.017920 0 
801 0.025008 0 
802 0.032580 0 
803 0.016233 0 
804 0.028984 0 
805 0.021249 0 
806 0.015923 0 
807 0.017429 0 
808 0.019234 0 
809 0.016916 0 
810 0.035994 0 
811 0.021204 0 
812 0.010573 0 
813 0.037323 0 
814 0.022224 0 
815 0.029105 0 
816 0.012979 0 
817 0.030483 0 
818 0.017751 0 
819 0.020892 0 
820 0.037555 0 
821 0.021664 0 
822 0.017712 0 
823 0.016379 0 
824 0.024736 0 
825 0.019143 0 
826 0.028086 0 
827 0.011767 0 
828 0.018211 0 
829 0.011424 0 
830 0.028864 0 
831 0.022326 0 
832 0.018093 0 
833 0.022963 0 
834 0.020196 0 
835 0.011666 0 
836 0.038465 0 
837 0.022270 0 
838 0.015533 0 
839 0.017514 0 
840 0.020548 0 
841 0.026645 0 
842 0.024378 0 
843 0.015247 0 
844 0.029372 0 
845 0.018486 0 
846 0.013771 0 
847 0.040634 0 
848 0.024642 0 
849 0.030105 0 
850 0.013875 0 
851 0.024682 0 
852 0.015589 0 
853 0.017784 0 
854 0.027347 0 
855 0.011043 0 
856 0.028189 0 
857 0.021939 0 
858 0.032336 0 
859 0.019628 0 
860 0.025480 0 
861 0.018287 0 
862 0.034498 0 
863 0.018240 0 
864 0.011740 0 
865 0.033754 0 
866 0.017620 0 
867 0.022683 0 
868 0.013339 0 
869 0.017195 0 
870 0.017565 0 
871 0.036278 0 
872 0.019971 0 
873 0.024324 0 
874 0.027261 0 
875 0.015980 0 
876 0.026976 0 
877 0.018827 0 
878 0.030090 0 
879 0.019988 0 
880 0.017817 0 
881 0.018812 0 
882 0.026999 0 
883 0.014469 0 
884 0.014153 0 
885 0.012936 0 
886 0.016235 0 
887 0.021549 0 
888 0.013918 0 
889 0.022957 0 
890 0.012515 0 
891 0.024276 0 
892 0.012908 0 
893 0.022312 0 
894 0.023784 0 
895 0.020692 0 
896 0.014289 0 
897 0.007695 0 
898 0.012046 0 
899 0.014295 0 
900 0.009754 0 
901 0.044671 0 
902 0.028373 0 
903 0.015989 0 
904 0.024440 0 
905 0.016385 0 
906 0.017282 0 
907 0.018245 0 
908 0.020339 0 
909 0.033054 0 
910 0.016579 0 
911 0.013613 0 
912 0.017922 0 
913 0.010866 0 
914 0.016781 0 
915 0.021202 0 
916 0.027975 0 
917 0.027894 0 
918 0.010280 0 
919 0.015037 0 
920 0.026072 0 
921 0.012082 0 
922 0.021342 0 
923 0.022014 0 
924 0.019725 0 
925 0.030374 0 
926 0.014153 0 
927 0.020703 0 
928 0.022647 0 
929 0.024319 0 
930 0.009875 0 
931 0.026314 0 
932 0.013527 0 
933 0.013958 0 
934 0.018717 0 
935 0.030104 0 
936 0.013734 0 
937 0.018119 0 
938 0.024971 0 
939 0.021855 0 
940 0.015239 0 
941 0.024055 0 
942 0.045894 0 
943 0.029561 0 
944 0.027661 0 
945 0.020510 0 
946 0.023919 0 
947 0.010232 0 
948 0.020259 0 
949 0.013547 0 
950 0.012948 0 
951 0.011990 0 
952 0.012368 0 
953 0.019605 0 
954 0.021396 0 
955 0.024163 0 
956 0.015311 0 
957 0.020249 0 
958 0.019873 0 
959 0.017589 0 
960 0.023767 0 
961 0.024454 0 
962 0.017560 0 
963 0.028524 0 
964 0.011840 0 
965 0.017975 0 
966 0.034163 0 
967 0.022206 0 
968 0.019992 0 
969 0.016286 0 
970 0.016984 0 
971 0.021197 0 
972 0.036477 0 
973 0.019756 0 
974 0.024089 0 
975 0.029072 0 
976 0.012715 0 
977 0.020600 0 
978 0.012075 0 
979 0.029855 0 
980 0.014201 0 
981 0.042958 0 
982 0.026110 0 
983 0.020347 0 
984 0.026039 0 
985 0.016383 0 
986 0.021844 0 
987 0.017657 0 
988 0.014383 0 
989 0.015205 0 
990 0.009986 0 
991 0.024052 0 
992 0.020836 0 
993 0.017381 0 
994 0.018750 0 
995 0.017150 0 
996 0.028010 0 
997 0.013700 0 
998 0.017112 0 
999 0.016734 0 
1000 0.020808 0 
1001 0.061671 0 
1002 0.045128 0 
1003 0.028594 0 
1004 0.030723 0 
1005 0.027122 0 
1006 0.029698 0 
1007 0.049751 0 
1008 0.045695 0 
1009 0.029411 0 
1010 0.028705 0 
1011 0.014563 0 
1012 0.029604 0 
1013 0.022970 0 
1014 0.040228 0 
1015 0.023834 0 
1016 0.030176 0 
1017 0.013824 0 
1018 0.025168 0 
1019 0.017707 0 
1020 0.015231 0 
1021 0.014155 0 
1022 0.011467 0 
1023 0.021631 0 
1024 0.008170 0 
1025 0.022808 0 
1026 0.015365 0 
1027 0.013924 0 
1028 0.017306 0 
1029 0.013591 0 
1030 0.012163 0 
1031 0.025795 0 
1032 0.024750 0 
1033 0.014416 0 
1034 0.027327 0 
1035 0.026126 0 
1036 0.016920 0 
1037 0.022053 0 
1038 0.020245 0 
1039 0.025331 0 
1040 0.028268 0 
1041 0.026174 0 
1042 0.021748 0 
1043 0.017963 0 
1044 0.029153 0 
1045 0.023807 0 
1046 0.018497 0 
1047 0.018218 0 
1048 0.049466 0 
1049 0.033354 0 
1050 0.016858 0 
1051 0.016516 0 
1052 0.030793 0 
1053 0.025667 0 
1054 0.019734 0 
1055 0.017030 0 
1056 0.027581 0 
1057 0.020360 0 
1058 0.015757 0 
1059 0.019670 0 
1060 0.019720 0 
1061 0.024787 0 
1062 0.036479 0 
1063 0.021365 0 
1064 0.019564 0 
1065 0.018181 0 
1066 0.011532 0 
1067 0.017817 0 
1068 0.028628 0 
1069 0.021863 0 
1070 0.011398 0 
1071 0.028650 0 
1072 0.015326 0 
1073 0.014291 0 
1074 0.023443 0 
1075 0.014971 0 
1076 0.015781 0 
1077 0.018697 0 
1078 0.035422 0 
1079 0.026380 0 
1080 0.010229 0 
1081 0.015435 0 
1082 0.028912 0 
1083 0.027460 0 
1084 0.028583 0 
1085 0.018550 0 
1086 0.023585 0 
1087 0.013003 0 
1088 0.023329 0 
1089 0.028904 0 
1090 0.012690 0 
1091 0.011453 0 
1092 0.018551 0 
1093 0.018919 0 
1094 0.015595 0 
1095 0.015763 0 
1096 0.015436 0 
1097 0.014320 0 
1098 0.015521 0 
1099 0.011079 0 
1100 0.015476 0 
1101 0.019644 0 
1102 0.025897 0 
1103 0.027423 0 
1104 0.011563 0 
1105 0.013062 0 
1106 0.025951 0 
1107 0.013277 0 
1108 0.019336 0 
1109 0.016110 0 
1110 0.016474 0 
1111 0.022412 0 
1112 0.019318 0 
1113 0.022953 0 
1114 0.023881 0 
1115 0.016306 0 
1116 0.018941 0 
1117 0.014974 0 
1118 0.012595 0 
1119 0.013145 0 
1120 0.018584 0 
1121 0.021184 0 
1122 0.009736 0 
1123 0.031340 0 
1124 0.027187 0 
1125 0.034837 0 
1126 0.033832 0 
1127 0.017232 0 
1128 0.039805 0 
1129 0.023444 0 
1130 0.019960 0 
1131 0.024752 0 
1132 0.013018 0 
1133 0.028609 0 
1134 0.031733 0 
1135 0.015239 0 
1136 0.023127 0 
1137 0.035234 0 
1138 0.023100 0 
1139 0.017630 0 
1140 0.018234 0 
1141 0.016948 0 
1142 0.013380 0 
1143 0.017552 0 
1144 0.012092 0 
1145 0.024849 0 
1146 0.026044 0 
1147 0.020487 0 
1148 0.020945 0 
1149 0.013626 0 
1150 0.024378 0 
1151 0.017075 0 
1152 0.016130 0 
1153 0.012825 0 
1154 0.026639 0 
1155 0.025594 0 
1156 0.024097 0 
1157 0.045147 0 
1158 0.028852 0 
1159 0.021361 0 
1160 0.012005 0 
1161 0.035505 0 
1162 0.044307 0 
1163 0.028126 0 
1164 0.022738 0 
1165 0.021015 0 
1166 0.036702 0 
1167 0.037417 0 
1168 0.020727 0 
1169 0.023387 0 
1170 0.017954 0 
1171 0.020339 0 
1172 0.019149 0 
1173 0.012534 0 
1174 0.019792 0 
1175 0.026087 0 
1176 0.010373 0 
1177 0.012308 0 
1178 0.021005 0 
1179 0.023667 0 
1180 0.016517 0 
1181 0.016271 0 
1182 0.014639 0 
1183 0.022087 0 
1184 0.015804 0 
1185 0.021665 0 
1186 0.022647 0 
1187 0.006507 0 
1188 0.031758 0 
1189 0.027892 0 
1190 0.021022 0 
1191 0.033542 0 
1192 0.023425 0 
1193 0.020606 0 
1194 0.023601 0 
1195 0.022311 0 
1196 0.021279 0 
1197 0.030974 0 
1198 0.018161 0 
1199 0.017738 0 
1200 0.014725 0 
1201 0.023662 0 
1202 0.007578 0 
1203 0.012538 0 
1204 0.023487 0 
1205 0.017631 0 
1206 0.034145 0 
1207 0.040992 0 
1208 0.024323 0 
1209 0.014014 0 
1210 0.033706 0 
1211 0.023026 0 
1212 0.033741 0 
1213 0.017534 0 
1214 0.015670 0 
1215 0.017181 0 
1216 0.022011 0 
1217 0.023137 0 
1218 0.020846 0 
1219 0.013951 0 
1220 0.020994 0 
1221 0.022766 0 
1222 0.015261 0 
1223 0.014722 0 
1224 0.020960 0 
1225 0.020399 0 
1226 0.018110 0 
1227 0.016990 0 
1228 0.018517 0 
1229 0.017486 0 
1230 0.017145 0 
1231 0.014915 0 
1232 0.030662 0 
1233 0.016451 0 
1234 0.026264 0 
1235 0.015736 0 
1236 0.033113 0 
1237 0.024417 0 
1238 0.017506 0 
1239 0.019840 0 
1240 0.018553 0 
1241 0.016946 0 
1242 0.033415 0 
1243 0.028613 0 
1244 0.021607 0 
1245 0.020139 0 
1246 0.017720 0 
1247 0.017406 0 
1248 0.015216 0 
1249 0.029703 0 
1250 0.017138 0 
1251 0.025754 0 
1252 0.021242 0 
1253 0.024283 0 
1254 0.034566 0 
1255 0.019526 0 
1256 0.020998 0 
1257 0.026037 0 
1258 0.044974 0 
1259 0.028811 0 
1260 0.032282 0 
1261 0.016035 0 
1262 0.025055 0 
1263 0.028894 0 
1264 0.017942 0 
1265 0.036082 0 
1266 0.030008 0 
1267 0.013945 0 
1268 0.012414 0 
1269 0.027243 0 
1270 0.034219 0 
1271 0.017998 0 
1272 0.019993 0 
1273 0.021370 0 
1274 0.031505 0 
1275 0.030522 0 
1276 0.030535 0 
1277 0.013330 0 
1278 0.029786 0 
1279 0.035844 0 
1280 0.019384 0 
1281 0.020285 0 
1282 0.020031 0 
1283 0.012249 0 
1284 0.029342 0 
1285 0.032661 0 
1286 0.031280 0 
1287 0.014810 0 
1288 0.017621 0 
1289 0.019800 0 
1290 0.025552 0 
1291 0.030721 0 
1292 0.014184 0 
1293 0.039682 0 
1294 0.023264 0 
1295 0.010435 0 
1296 0.015627 0 
1297 0.012370 0 
1298 0.020619 0 
1299 0.010939 0 
1300 0.016929 0 
1301 0.019807 0 
1302 0.013096 0 
1303 0.030612 0 
1304 0.014861 0 
1305 0.034127 0 
1306 0.017780 0 
1307 0.019788 0 
1308 0.015447 0 
1309 0.011327 0 
1310 0.018302 0 
1311 0.030951 0 
1312 0.018984 0 
1313 0.022024 0 
1314 0.009965 0 
1315 0.025138 0 
1316 0.015745 0 
1317 0.009415 0 
1318 0.016549 0 
1319 0.012131 0 
1320 0.022801 0 
1321 0.018121 0 
1322 0.031837 0 
1323 0.015536 0 
1324 0.019053 0 
1325 0.011753 0 
1326 0.038904 0 
1327 0.022851 0 
1328 0.016737 0 
1329 0.026621 0 
1330 0.012141 0 
1331 0.023415 0 
1332 0.022568 0 
1333 0.026848 0 
1334 0.020621 0 
1335 0.033232 0 
1336 0.016443 0 
1337 0.019033 0 
1338 0.010884 0 
1339 0.013539 0 
1340 0.011010 0 
1341 0.023421 0 
1342 0.044007 0 
1343 0.027234 0 
1344 0.018551 0 
1345 0.025952 0 
1346 0.017052 0 
1347 0.030877 0 
1348 0.023369 0 
1349 0.013786 0 
1350 0.027937 0 
1351 0.028625 0 
1352 0.012298 0 
1353 0.027427 0 
1354 0.016967 0 
1355 0.016722 0 
1356 0.018168 0 
1357 0.016862 0 
1358 0.030098 0 
1359 0.013855 0 
1360 0.024012 0 
1361 0.030218 0 
1362 0.018663 0 
1363 0.028447 0 
1364 0.027690 0 
1365 0.022498 0 
1366 0.016519 0 
1367 0.022690 0 
1368 0.020798 0 
1369 0.021835 0 
1370 0.019623 0 
1371 0.012058 0 
1372 0.017437 0 
1373 0.017417 0 
1374 0.019769 0 
1375 0.015419 0 
1376 0.013409 0 
1377 0.018682 0 
1378 0.031065 0 
1379 0.014855 0 
1380 0.023698 0 
1381 0.022919 0 
1382 0.021301 0 
1383 0.015940 0 
1384 0.023137 0 
1385 0.017323 0 
1386 0.023073 0 
1387 0.021234 0 
1388 0.011566 0 
1389 0.021149 0 
1390 0.013548 0 
1391 0.021220 0 
1392 0.025923 0 
1393 0.012466 0 
1394 0.016520 0 
1395 0.026804 0 
1396 0.015496 0 
1397 0.027924 0 
1398 0.021316 0 
1399 0.033972 0 
1400 0.023271 0 
1401 0.026449 0 
1402 0.024321 0 
1403 0.023168 0 
1404 0.016101 0 
1405 0.012035 0 
1406 0.034795 0 
1407 0.018008 0 
1408 0.016318 0 
1409 0.015377 0 
1410 0.026153 0 
1411 0.023562 0 
1412 0.013266 0 
1413 0.035936 0 
1414 0.019717 0 
1415 0.029648 0 
1416 0.024246 0 
1417 0.020467 0 
1418 0.019221 0 
1419 0.016599 0 
1420 0.026138 0 
1421 0.020561 0 
1422 0.030303 0 
1423 0.025371 0 
1424 0.013668 0 
1425 0.022884 0 
1426 0.010175 0 
1427 0.024359 0 
1428 0.018241 0 
1429 0.011794 0 
1430 0.026752 0 
1431 0.018783 0 
1432 0.027346 0 
1433 0.011042 0 
1434 0.029027 0 
1435 0.015617 0 
1436 0.020994 0 
1437 0.033991 0 
1438 0.018358 0 
1439 0.016964 0 
1440 0.017596 0 
1441 0.035096 0 
1442 0.018880 0 
1443 0.018367 0 
1444 0.013398 0 
1445 0.016473 0 
1446 0.016319 0 
1447 0.039155 0 
1448 0.037315 0 
1449 0.020982 0 
1450 0.016114 0 
1451 0.022138 0 
1452 0.022691 0 
1453 0.035409 0 
1454 0.019054 0 
1455 0.012565 0 
1456 0.017769 0 
1457 0.031354 0 
1458 0.029886 0 
1459 0.013289 0 
1460 0.011493 0 
1461 0.016765 0 
1462 0.018106 0 
1463 0.018062 0 
1464 0.017813 0 
1465 0.032041 0 
1466 0.031810 0 
1467 0.015283 0 
1468 0.035276 0 
1469 0.027786 0 
1470 0.017355 0 
1471 0.019561 0 
1472 0.016403 0 
1473 0.013123 0 
1474 0.017796 0 
1475 0.039133 0 
1476 0.022818 0 
1477 0.012696 0 
1478 0.013801 0 
1479 0.028534 0 
1480 0.021024 0 
1481 0.016589 0 
1482 0.015370 0 
1483 0.017345 0 
1484 0.027154 0 
1485 0.014565 0 
1486 0.013464 0 
1487 0.014868 0 
1488 0.016509 0 
1489 0.017800 0 
1490 0.022829 0 
1491 0.018322 0 
1492 0.061037 0 
1493 0.044641 0 
1494 0.028171 0 
1495 0.013001 0 
1496 0.026704 0 
1497 0.011872 0 
1498 0.024023 0 
1499 0.027461 0 
1500 0.010295 0 
1501 0.038744 0 
1502 0.022265 0 
1503 0.025250 0 
1504 0.012152 0 
1505 0.014615 0 
1506 0.014035 0 
1507 0.028062 0 
1508 0.017806 0 
1509 0.023986 0 
1510 0.026362 0 
1511 0.012427 0 
1512 0.010543 0 
1513 0.026699 0 
1514 0.016918 0 
1515 0.027449 0 
1516 0.041243 0 
1517 0.024974 0 
1518 0.017974 0 
1519 0.012933 0 
1520 0.027206 0 
1521 0.026864 0 
1522 0.026325 0 
1523 0.030139 0 
1524 0.022111 0 
1525 0.018038 0 
1526 0.022361 0 
1527 0.014691 0 
1528 0.021688 0 
1529 0.022783 0 
1530 0.011217 0 
1531 0.028346 0 
1532 0.015326 0 
1533 0.033028 0 
1534 0.016727 0 
1535 0.020144 0 
1536 0.028781 0 
1537 0.033131 0 
1538 0.039881 0 
1539 0.023083 0 
1540 0.031368 0 
1541 0.018785 0 
1542 0.034874 0 
1543 0.024945 0 
1544 0.018595 0 
1545 0.014639 0 
1546 0.017181 0 
1547 0.044350 0 
1548 0.027921 0 
1549 0.014352 0 
1550 0.039065 0 
1551 0.022280 0 
1552 0.013191 0 
1553 0.028288 0 
1554 0.018161 0 
1555 0.021351 0 
1556 0.017416 0 
1557 0.032187 0 
1558 0.022978 0 
1559 0.021034 0 
1560 0.026622 0 
1561 0.020916 0 
1562 0.025550 0 
1563 0.015007 0 
1564 0.019656 0 
1565 0.016939 0 
1566 0.013256 0 
1567 0.026057 0 
1568 0.023114 0 
1569 0.016484 0 
1570 0.041243 0 
1571 0.023426 0 
1572 0.007973 0 
1573 0.028645 0 
1574 0.016231 0 
1575 0.024237 0 
1576 0.013985 0 
1577 0.022787 0 
1578 0.012718 0 
1579 0.017567 0 
1580 0.019799 0 
1581 0.019255 0 
1582 0.033050 0 
1583 0.024333 0 
1584 0.014043 0 
1585 0.020669 0 
1586 0.014600 0 
1587 0.033402 0 
1588 0.017153 0 
1589 0.021391 0 
1590 0.024377 0 
1591 0.015567 0 
1592 0.025628 0 
1593 0.026618 0 
1594 0.031268 0 
1595 0.020613 0 
1596 0.020117 0 
1597 0.021130 0 
1598 0.024813 0 
1599 0.010771 0 
1600 0.032161 0 
1601 0.025518 0 
1602 0.012800 0 
1603 0.012663 0 
1604 0.050739 0 
1605 0.034373 0 
1606 0.018615 0 
1607 0.023323 0 
1608 0.013688 0 
1609 0.021317 0 
1610 0.012753 0 
1611 0.015591 0 
1612 0.033694 0 
1613 0.025548 0 
1614 0.009823 0 
1615 0.021402 0 
1616 0.030389 0 
1617 0.020431 0 
1618 0.023276 0 
1619 0.016475 0 
1620 0.023822 0 
1621 0.023020 0 
1622 0.013863 0 
1623 0.021039 0 
1624 0.014597 0 
1625 0.017994 0 
1626 0.018414 0 
1627 0.021031 0 
1628 0.019176 0 
1629 0.014079 0 
1630 0.037215 0 
1631 0.022961 0 
1632 0.019418 0 
1633 0.024088 0 
1634 0.010590 0 
1635 0.014562 0 
1636 0.031458 0 
1637 0.015105 0 
1638 0.024142 0 
1639 0.011167 0 
1640 0.024736 0 
1641 0.016405 0 
1642 0.023044 0 
1643 0.015669 0 
1644 0.026390 0 
1645 0.020233 0 
1646 0.025491 0 
1647 0.010638 0 
1648 0.018904 0 
1649 0.023550 0 
1650 0.030864 0 
1651 0.014807 0 
1652 0.017691 0 
1653 0.014078 0 
1654 0.024502 0 
1655 0.043156 0 
1656 0.026885 0 
1657 0.019524 0 
1658 0.027780 0 
1659 0.014450 0 
1660 0.036757 0 
1661 0.021317 0 
1662 0.023583 0 
1663 0.031664 0 
1664 0.015966 0 
1665 0.030112 0 
1666 0.023500 0 
1667 0.014903 0 
1668 0.025704 0 
1669 0.014258 0 
1670 0.029164 0 
1671 0.020242 0 
1672 0.030289 0 
1673 0.014947 0 
1674 0.029714 0 
1675 0.018007 0 
1676 0.023430 0 
1677 0.019082 0 
1678 0.036866 0 
1679 0.033513 0 
1680 0.020886 0 
1681 0.032029 0 
1682 0.015602 0 
1683 0.024947 0 
1684 0.022899 0 
1685 0.022135 0 
1686 0.019553 0 
1687 0.039190 0 
1688 0.022697 0 
1689 0.017513 0 
1690 0.026552 0 
1691 0.020188 0 
1692 0.017154 0 
1693 0.028258 0 
1694 0.039808 0 
1695 0.023336 0 
1696 0.024440 0 
1697 0.012115 0 
1698 0.010324 0 
1699 0.033906 0 
1700 0.017509 0 
1701 0.041695 0 
1702 0.025540 0 
1703 0.019837 0 
1704 0.020880 0 
1705 0.025019 0 
1706 0.017987 0 
1707 0.014909 0 
1708 0.020665 0 
1709 0.032912 0 
1710 0.020180 0 
1711 0.021329 0 
1712 0.028825 0 
1713 0.018159 0 
1714 0.016572 0 
1715 0.012416 0 
1716 0.025521 0 
1717 0.027479 0 
1718 0.019233 0 
1719 0.011701 0 
1720 0.021713 0 
1721 0.019038 0 
1722 0.019738 0 
1723 0.021461 0 
1724 0.016283 0 
1725 0.024797 0 
1726 0.022166 0 
1727 0.013750 0 
1728 0.032124 0 
1729 0.016663 0 
1730 0.018412 0 
1731 0.021342 0 
1732 0.013978 0 
1733 0.031538 0 
1734 0.019464 0 
1735 0.011874 0 
1736 0.012773 0 
1737 0.025098 0 
1738 0.012977 0 
1739 0.018246 0 
1740 0.013549 0 
1741 0.015385 0 
1742 0.022570 0 
1743 0.016460 0 
1744 0.018489 0 
1745 0.013453 0 
1746 0.023384 0 
1747 0.034587 0 
1748 0.018724 0 
1749 0.021694 0 
1750 0.017107 0 
1751 0.012334 0 
1752 0.029927 0 
1753 0.023236 0 
1754 0.016327 0 
1755 0.012541 0 
1756 0.041413 0 
1757 0.025180 0 
1758 0.026407 0 
1759 0.031079 0 
1760 0.015485 0 
1761 0.020655 0 
1762 0.015770 0 
1763 0.020185 0 
1764 0.029303 0 
1765 0.012985 0 
1766 0.026408 0 
1767 0.019504 0 
1768 0.017130 0 
1769 0.036095 0 
1770 0.025559 0 
1771 0.018397 0 
1772 0.018374 0 
1773 0.023359 0 
1774 0.013973 0 
1775 0.014094 0 
1776 0.012772 0 
1777 0.033362 0 
1778 0.050071 0 
1779 0.034511 0 
1780 0.046350 0 
1781 0.039488 0 
1782 0.020720 0 
1783 0.023838 0 
1784 0.029536 0 
1785 0.020480 0 
1786 0.030612 0 
1787 0.027950 0 
1788 0.012993 0 
1789 0.019659 0 
1790 0.023771 0 
1791 0.020644 0 
1792 0.022327 0 
1793 0.021479 0 
1794 0.011536 0 
1795 0.035026 0 
1796 0.021765 0 
1797 0.030367 0 
1798 0.014135 0 
1799 0.032088 0 
1800 0.015577 0 
1801 0.017025 0 
1802 0.027805 0 
1803 0.014892 0 
1804 0.029441 0 
1805 0.018385 0 
1806 0.046585 0 
1807 0.030240 0 
1808 0.013846 0 
