2024-08-14 20:09:38
../stream-replay/logs/rtt-6205@128.txt
1 0.088763 0 
2 0.072699 0 
5 0.027457 0 
6 0.011213 0 
7 0.043444 0 
8 0.027408 0 
9 0.011425 0 
10 0.025897 0 
11 0.018340 0 
12 0.012100 0 
13 0.014243 0 
14 0.005426 0 
15 0.022992 0 
16 0.006929 0 
17 0.028066 0 
18 0.010536 0 
19 0.050159 0 
20 0.034830 0 
21 0.022838 0 
22 0.018527 0 
23 0.019896 0 
24 0.015178 0 
25 0.018464 0 
26 0.018055 0 
27 0.016120 0 
28 0.027230 0 
29 0.016776 0 
30 0.014019 0 
31 0.017576 0 
32 0.014270 0 
33 0.012804 0 
34 0.050058 0 
35 0.032929 0 
36 0.016901 0 
37 0.014602 0 
38 0.018845 0 
39 0.020853 0 
40 0.008547 0 
41 0.008270 0 
42 0.014898 0 
43 0.022477 0 
44 0.013474 0 
45 0.022632 0 
46 0.018453 0 
47 0.010187 0 
48 0.025557 0 
49 0.016806 0 
50 0.016933 0 
51 0.022037 0 
52 0.029509 0 
53 0.013315 0 
54 0.025117 0 
55 0.047290 0 
56 0.030190 0 
57 0.018077 0 
58 0.015445 0 
59 0.027880 0 
60 0.025002 0 
61 0.011833 0 
62 0.026395 0 
63 0.014474 0 
64 0.011362 0 
65 0.017198 0 
66 0.035333 0 
67 0.023351 0 
68 0.024466 0 
69 0.011621 0 
70 0.020305 0 
71 0.023843 0 
72 0.024119 0 
73 0.018363 0 
74 0.019475 0 
75 0.020746 0 
76 0.010421 0 
77 0.022313 0 
78 0.012327 0 
79 0.031356 0 
80 0.014598 0 
81 0.015727 0 
82 0.023910 0 
83 0.021104 0 
84 0.025038 0 
85 0.023058 0 
86 0.022467 0 
87 0.026153 0 
88 0.020828 0 
89 0.016688 0 
90 0.070961 0 
91 0.053890 0 
92 0.037383 0 
93 0.025929 0 
94 0.012462 0 
95 0.026430 0 
96 0.021568 0 
97 0.019532 0 
98 0.022981 0 
99 0.012381 0 
100 0.020882 0 
101 0.012861 0 
102 0.023505 0 
103 0.024125 0 
104 0.024373 0 
105 0.022197 0 
106 0.017693 0 
107 0.037060 0 
108 0.020682 0 
109 0.014654 0 
110 0.018264 0 
111 0.022329 0 
112 0.031133 0 
113 0.014709 0 
114 0.016399 0 
115 0.015351 0 
116 0.038310 0 
117 0.021660 0 
118 0.031792 0 
119 0.020263 0 
120 0.021136 0 
121 0.026192 0 
122 0.021155 0 
123 0.018870 0 
124 0.038257 0 
125 0.021709 0 
126 0.028332 0 
127 0.016316 0 
128 0.033822 0 
129 0.022603 0 
130 0.043857 0 
131 0.027418 0 
132 0.010829 0 
133 0.018335 0 
134 0.022806 0 
135 0.016261 0 
136 0.024440 0 
137 0.020654 0 
138 0.017526 0 
139 0.025538 0 
140 0.013849 0 
141 0.022216 0 
142 0.012463 0 
143 0.016765 0 
144 0.020567 0 
145 0.011465 0 
146 0.015520 0 
147 0.067959 0 
148 0.052547 0 
149 0.035932 0 
150 0.034393 0 
151 0.023189 0 
152 0.010834 0 
153 0.027934 0 
154 0.024566 0 
155 0.011892 0 
156 0.022842 0 
157 0.020217 0 
158 0.038340 0 
159 0.021553 0 
160 0.024981 0 
161 0.024758 0 
162 0.019927 0 
163 0.021894 0 
164 0.011822 0 
165 0.025302 0 
166 0.013960 0 
167 0.024211 0 
168 0.014230 0 
169 0.014529 0 
170 0.020532 0 
171 0.017238 0 
172 0.034662 0 
173 0.027025 0 
174 0.033828 0 
175 0.017172 0 
176 0.077868 0 
177 0.061563 0 
178 0.045015 0 
179 0.037847 0 
180 0.021406 0 
181 0.011683 0 
182 0.017184 0 
183 0.018175 0 
184 0.011607 0 
185 0.005707 0 
186 0.022231 0 
187 0.009375 0 
188 0.017268 0 
189 0.009321 0 
190 0.026184 0 
191 0.031042 0 
192 0.033494 0 
193 0.039633 0 
194 0.022513 0 
195 0.008607 0 
196 0.020061 0 
197 0.024822 0 
198 0.008647 0 
199 0.017467 0 
200 0.005771 0 
201 0.015288 0 
202 0.026550 0 
203 0.015110 0 
204 0.014680 0 
205 0.011797 0 
206 0.044801 0 
207 0.027691 0 
208 0.019724 0 
209 0.014255 0 
210 0.010697 0 
211 0.035689 0 
212 0.039062 0 
213 0.030937 0 
214 0.014544 0 
215 0.025983 0 
216 0.020756 0 
217 0.031573 0 
218 0.020596 0 
219 0.021483 0 
220 0.035704 0 
221 0.018787 0 
222 0.023890 0 
223 0.018240 0 
224 0.023940 0 
225 0.028208 0 
226 0.025684 0 
227 0.010983 0 
228 0.018558 0 
229 0.022648 0 
230 0.016982 0 
231 0.014712 0 
232 0.028819 0 
233 0.012468 0 
234 0.026202 0 
235 0.027591 0 
236 0.018798 0 
237 0.014682 0 
238 0.022077 0 
239 0.011254 0 
240 0.026977 0 
241 0.024732 0 
242 0.022726 0 
243 0.015888 0 
244 0.024030 0 
245 0.018172 0 
246 0.014333 0 
247 0.042751 0 
248 0.026075 0 
249 0.010621 0 
250 0.015020 0 
251 0.010563 0 
252 0.015973 0 
253 0.018485 0 
254 0.015272 0 
255 0.031650 0 
256 0.016886 0 
257 0.013314 0 
258 0.017274 0 
259 0.021043 0 
260 0.019912 0 
261 0.028845 0 
262 0.021108 0 
263 0.018889 0 
264 0.019274 0 
265 0.017333 0 
266 0.009724 0 
267 0.026194 0 
268 0.013210 0 
269 0.020485 0 
270 0.017901 0 
271 0.017183 0 
272 0.024587 0 
273 0.018296 0 
274 0.031872 0 
275 0.025493 0 
276 0.016796 0 
277 0.035358 0 
278 0.031046 0 
279 0.017099 0 
280 0.016300 0 
281 0.017922 0 
282 0.044025 0 
283 0.027580 0 
284 0.048899 0 
285 0.032412 0 
286 0.019109 0 
287 0.009945 0 
288 0.056615 0 
289 0.039897 0 
290 0.023306 0 
291 0.021375 0 
292 0.033458 0 
293 0.026002 0 
294 0.012742 0 
295 0.016137 0 
296 0.021251 0 
297 0.023785 0 
298 0.022971 0 
299 0.047699 0 
300 0.031417 0 
301 0.014618 0 
302 0.016308 0 
303 0.021316 0 
304 0.019817 0 
305 0.030881 0 
306 0.016321 0 
307 0.026598 0 
308 0.025839 0 
309 0.009513 0 
310 0.020090 0 
311 0.020134 0 
312 0.017504 0 
313 0.031702 0 
314 0.014960 0 
315 0.026088 0 
316 0.016758 0 
317 0.015213 0 
318 0.016644 0 
319 0.014914 0 
320 0.020732 0 
321 0.021190 0 
322 0.024031 0 
323 0.031066 0 
324 0.014872 0 
325 0.034803 0 
326 0.030871 0 
327 0.024534 0 
328 0.020594 0 
329 0.017454 0 
330 0.033530 0 
331 0.033378 0 
332 0.023311 0 
333 0.029672 0 
334 0.013320 0 
335 0.028489 0 
336 0.020654 0 
337 0.013246 0 
338 0.032272 0 
339 0.024225 0 
340 0.015358 0 
341 0.020073 0 
342 0.021315 0 
343 0.026791 0 
344 0.023180 0 
345 0.021938 0 
346 0.031480 0 
347 0.040299 0 
348 0.023858 0 
349 0.018835 0 
350 0.033618 0 
351 0.025169 0 
352 0.018457 0 
353 0.023922 0 
354 0.021037 0 
355 0.009351 0 
356 0.025144 0 
357 0.008581 0 
358 0.026317 0 
359 0.013307 0 
360 0.018571 0 
361 0.034582 0 
362 0.026432 0 
363 0.021083 0 
364 0.011269 0 
365 0.008574 0 
366 0.019009 0 
367 0.009732 0 
368 0.019605 0 
369 0.016907 0 
370 0.036843 0 
371 0.034369 0 
372 0.025547 0 
373 0.024280 0 
374 0.015270 0 
375 0.029599 0 
376 0.017978 0 
377 0.016336 0 
378 0.019751 0 
379 0.009801 0 
380 0.020077 0 
381 0.025300 0 
382 0.026248 0 
383 0.015254 0 
384 0.030237 0 
385 0.014080 0 
386 0.023652 0 
387 0.018385 0 
388 0.015174 0 
389 0.015923 0 
390 0.027073 0 
391 0.018686 0 
392 0.009197 0 
393 0.022099 0 
394 0.031556 0 
395 0.026101 0 
396 0.021697 0 
397 0.011640 0 
398 0.024652 0 
399 0.038805 0 
400 0.022286 0 
401 0.021184 0 
402 0.019879 0 
403 0.016473 0 
404 0.016275 0 
405 0.015920 0 
406 0.022021 0 
407 0.018356 0 
408 0.031111 0 
409 0.014846 0 
410 0.071774 0 
411 0.056234 0 
412 0.042434 0 
413 0.035806 0 
414 0.018815 0 
415 0.014401 0 
416 0.010599 0 
417 0.022510 0 
418 0.011850 0 
419 0.011862 0 
420 0.027102 0 
421 0.020963 0 
422 0.018211 0 
423 0.033498 0 
424 0.027975 0 
425 0.017478 0 
426 0.021772 0 
427 0.035170 0 
428 0.021586 0 
429 0.016256 0 
430 0.016054 0 
431 0.021934 0 
432 0.022462 0 
433 0.016357 0 
434 0.012881 0 
435 0.036586 0 
436 0.020649 0 
437 0.022619 0 
438 0.038104 0 
439 0.067006 0 
440 0.050632 0 
441 0.036312 0 
442 0.028389 0 
443 0.027099 0 
444 0.017080 0 
445 0.013648 0 
446 0.020534 0 
447 0.021310 0 
448 0.024244 0 
449 0.041509 0 
450 0.024979 0 
451 0.014405 0 
452 0.011615 0 
453 0.010484 0 
454 0.015755 0 
455 0.016762 0 
456 0.022861 0 
457 0.012179 0 
458 0.023687 0 
459 0.023068 0 
460 0.018339 0 
461 0.018085 0 
462 0.026112 0 
463 0.021698 0 
464 0.036501 0 
465 0.033594 0 
466 0.017507 0 
467 0.014145 0 
468 0.017489 0 
469 0.034601 0 
470 0.018184 0 
471 0.020913 0 
472 0.020481 0 
473 0.015136 0 
474 0.018590 0 
475 0.020675 0 
476 0.022480 0 
477 0.018528 0 
478 0.019156 0 
479 0.015393 0 
480 0.037703 0 
481 0.020715 0 
482 0.015798 0 
483 0.019815 0 
484 0.012710 0 
485 0.024650 0 
486 0.017612 0 
487 0.008960 0 
488 0.032446 0 
489 0.016389 0 
490 0.014316 0 
491 0.012015 0 
492 0.021465 0 
493 0.012716 0 
494 0.021567 0 
495 0.018718 0 
496 0.005996 0 
497 0.011503 0 
498 0.023741 0 
499 0.024086 0 
500 0.012522 0 
501 0.009799 0 
502 0.018072 0 
503 0.019278 0 
504 0.009758 0 
505 0.014322 0 
506 0.031624 0 
507 0.015368 0 
508 0.012359 0 
509 0.022189 0 
510 0.019391 0 
511 0.011024 0 
512 0.016956 0 
513 0.030393 0 
514 0.014279 0 
515 0.016240 0 
516 0.056775 0 
517 0.040193 0 
518 0.023631 0 
519 0.023891 0 
520 0.015599 0 
521 0.029503 0 
522 0.012829 0 
523 0.017046 0 
524 0.022338 0 
525 0.010075 0 
526 0.026722 0 
527 0.014191 0 
528 0.042034 0 
529 0.025471 0 
530 0.055991 0 
531 0.038777 0 
532 0.022344 0 
533 0.023395 0 
534 0.017489 0 
535 0.034676 0 
536 0.018266 0 
537 0.027593 0 
538 0.023223 0 
539 0.041300 0 
540 0.024897 0 
541 0.009930 0 
542 0.030910 0 
543 0.015999 0 
544 0.025045 0 
545 0.022250 0 
546 0.022165 0 
547 0.027337 0 
548 0.054772 0 
549 0.038312 0 
550 0.021659 0 
551 0.013186 0 
552 0.024814 0 
553 0.018795 0 
554 0.017757 0 
555 0.015830 0 
556 0.012488 0 
557 0.015587 0 
558 0.034297 0 
559 0.024720 0 
560 0.039939 0 
561 0.023018 0 
562 0.026411 0 
563 0.013613 0 
564 0.019298 0 
565 0.021454 0 
566 0.019129 0 
567 0.022875 0 
568 0.022092 0 
569 0.017834 0 
570 0.015608 0 
571 0.019203 0 
572 0.028092 0 
573 0.027785 0 
574 0.012283 0 
575 0.026071 0 
576 0.011114 0 
577 0.011342 0 
578 0.020168 0 
579 0.033060 0 
580 0.016798 0 
581 0.020221 0 
582 0.026765 0 
583 0.023265 0 
584 0.037179 0 
585 0.020298 0 
586 0.009436 0 
587 0.032443 0 
588 0.017862 0 
589 0.013008 0 
590 0.017247 0 
591 0.018036 0 
592 0.029101 0 
593 0.021610 0 
594 0.025348 0 
595 0.012730 0 
596 0.018806 0 
597 0.028677 0 
598 0.012218 0 
599 0.023591 0 
600 0.028069 0 
601 0.013335 0 
602 0.022681 0 
603 0.008590 0 
604 0.033726 0 
605 0.016723 0 
606 0.027523 0 
607 0.011644 0 
608 0.017041 0 
609 0.019452 0 
610 0.024554 0 
611 0.016853 0 
612 0.035471 0 
613 0.018824 0 
614 0.016961 0 
615 0.032419 0 
616 0.020835 0 
617 0.028198 0 
618 0.017385 0 
619 0.010365 0 
620 0.024473 0 
621 0.033395 0 
622 0.016510 0 
623 0.013529 0 
624 0.018087 0 
625 0.020145 0 
626 0.048700 0 
627 0.032179 0 
628 0.019597 0 
629 0.025840 0 
630 0.016052 0 
631 0.023784 0 
632 0.027316 0 
633 0.015016 0 
634 0.018409 0 
635 0.015805 0 
636 0.017286 0 
637 0.024683 0 
638 0.012142 0 
639 0.019341 0 
640 0.021969 0 
641 0.026991 0 
642 0.024343 0 
643 0.014649 0 
644 0.042584 0 
645 0.036756 0 
646 0.020272 0 
647 0.026832 0 
648 0.014159 0 
649 0.019480 0 
650 0.017129 0 
651 0.022529 0 
652 0.026531 0 
653 0.023902 0 
654 0.040870 0 
655 0.023482 0 
656 0.023426 0 
657 0.013376 0 
658 0.026673 0 
659 0.038500 0 
660 0.027812 0 
661 0.011397 0 
662 0.016232 0 
663 0.018688 0 
664 0.035612 0 
665 0.021433 0 
666 0.024149 0 
667 0.050619 0 
668 0.034244 0 
669 0.017742 0 
670 0.012748 0 
671 0.033737 0 
672 0.021101 0 
673 0.014269 0 
674 0.017319 0 
675 0.023060 0 
676 0.038062 0 
677 0.024895 0 
678 0.025679 0 
679 0.017965 0 
680 0.010184 0 
681 0.021039 0 
682 0.025232 0 
683 0.012774 0 
684 0.015919 0 
685 0.042487 0 
686 0.025423 0 
687 0.016861 0 
688 0.039482 0 
689 0.022733 0 
690 0.020449 0 
691 0.017509 0 
692 0.018026 0 
693 0.026781 0 
694 0.013251 0 
695 0.025702 0 
696 0.020549 0 
697 0.015449 0 
698 0.020738 0 
699 0.012260 0 
700 0.021780 0 
701 0.024834 0 
702 0.029253 0 
703 0.017554 0 
704 0.034615 0 
705 0.018527 0 
706 0.016093 0 
707 0.051127 0 
708 0.034877 0 
709 0.018583 0 
710 0.022309 0 
711 0.025661 0 
712 0.021689 0 
713 0.018777 0 
714 0.021977 0 
715 0.044801 0 
716 0.028303 0 
717 0.026983 0 
718 0.011575 0 
719 0.038568 0 
720 0.025957 0 
721 0.020479 0 
722 0.020844 0 
723 0.015816 0 
724 0.014671 0 
725 0.012254 0 
726 0.012977 0 
727 0.022456 0 
728 0.027789 0 
729 0.025879 0 
730 0.015832 0 
731 0.010443 0 
732 0.032443 0 
733 0.016090 0 
734 0.028285 0 
735 0.029588 0 
736 0.017478 0 
737 0.029315 0 
738 0.012752 0 
739 0.014704 0 
740 0.017133 0 
741 0.020236 0 
742 0.012921 0 
743 0.023474 0 
744 0.033961 0 
745 0.023909 0 
746 0.013623 0 
747 0.030623 0 
748 0.014246 0 
749 0.019935 0 
750 0.039984 0 
751 0.023692 0 
752 0.020081 0 
753 0.022655 0 
754 0.029172 0 
755 0.031934 0 
756 0.023227 0 
757 0.020519 0 
758 0.019325 0 
759 0.022511 0 
760 0.031733 0 
761 0.027148 0 
762 0.010778 0 
763 0.028455 0 
764 0.025409 0 
765 0.024584 0 
766 0.039868 0 
767 0.023660 0 
768 0.020926 0 
769 0.036052 0 
770 0.019531 0 
771 0.017127 0 
772 0.028008 0 
773 0.035655 0 
774 0.031642 0 
775 0.027317 0 
776 0.015059 0 
777 0.018717 0 
778 0.029884 0 
779 0.037311 0 
780 0.033139 0 
781 0.025138 0 
782 0.016382 0 
783 0.015606 0 
784 0.023799 0 
785 0.021420 0 
786 0.025871 0 
787 0.035304 0 
788 0.019116 0 
789 0.019898 0 
790 0.015422 0 
791 0.025720 0 
792 0.041014 0 
793 0.024802 0 
794 0.016901 0 
795 0.018872 0 
796 0.018401 0 
797 0.018518 0 
798 0.032068 0 
799 0.033531 0 
800 0.042041 0 
801 0.025342 0 
802 0.018149 0 
803 0.016482 0 
804 0.013501 0 
805 0.018570 0 
806 0.017737 0 
807 0.023280 0 
808 0.027231 0 
809 0.013709 0 
810 0.053073 0 
811 0.036789 0 
812 0.020431 0 
813 0.026466 0 
814 0.011881 0 
815 0.013716 0 
816 0.011230 0 
817 0.043860 0 
818 0.034863 0 
819 0.027508 0 
820 0.025851 0 
821 0.010479 0 
822 0.033718 0 
823 0.027444 0 
824 0.013683 0 
825 0.018252 0 
826 0.018509 0 
827 0.035027 0 
828 0.035246 0 
829 0.027239 0 
830 0.020827 0 
831 0.011345 0 
832 0.020306 0 
833 0.014589 0 
834 0.022687 0 
835 0.014406 0 
836 0.020337 0 
837 0.022273 0 
838 0.010481 0 
839 0.016551 0 
840 0.029721 0 
841 0.019720 0 
842 0.024009 0 
843 0.019938 0 
844 0.021281 0 
845 0.020713 0 
846 0.033949 0 
847 0.019048 0 
848 0.024238 0 
849 0.025733 0 
850 0.012892 0 
851 0.027356 0 
852 0.020818 0 
853 0.016937 0 
854 0.024396 0 
855 0.011818 0 
856 0.013618 0 
857 0.015749 0 
858 0.017576 0 
859 0.036500 0 
860 0.019636 0 
861 0.040328 0 
862 0.028944 0 
863 0.012467 0 
864 0.021017 0 
865 0.013375 0 
866 0.033886 0 
867 0.017607 0 
868 0.019987 0 
869 0.037681 0 
870 0.021842 0 
871 0.018975 0 
872 0.022792 0 
873 0.029061 0 
874 0.021693 0 
875 0.019711 0 
876 0.031644 0 
877 0.015492 0 
878 0.025548 0 
879 0.023573 0 
880 0.018626 0 
881 0.017387 0 
882 0.017245 0 
883 0.019534 0 
884 0.020109 0 
885 0.061934 0 
886 0.045100 0 
887 0.028392 0 
888 0.036938 0 
889 0.020497 0 
890 0.027864 0 
891 0.020255 0 
892 0.018738 0 
893 0.021279 0 
894 0.019568 0 
895 0.017678 0 
896 0.020978 0 
897 0.032116 0 
898 0.015032 0 
899 0.034809 0 
900 0.018144 0 
901 0.023292 0 
902 0.017859 0 
903 0.013185 0 
904 0.027359 0 
905 0.021190 0 
906 0.020165 0 
907 0.024656 0 
908 0.016438 0 
909 0.016598 0 
910 0.031756 0 
911 0.026600 0 
912 0.012523 0 
913 0.016717 0 
914 0.024203 0 
915 0.019613 0 
916 0.014792 0 
917 0.010394 0 
918 0.043274 0 
919 0.026881 0 
920 0.009936 0 
921 0.034664 0 
922 0.043586 0 
923 0.027211 0 
924 0.013335 0 
925 0.022504 0 
926 0.022977 0 
927 0.026122 0 
928 0.017864 0 
929 0.029836 0 
930 0.014556 0 
931 0.025837 0 
932 0.026744 0 
933 0.039862 0 
934 0.023501 0 
935 0.012375 0 
936 0.038468 0 
937 0.022183 0 
938 0.013388 0 
939 0.019113 0 
940 0.029282 0 
941 0.021788 0 
942 0.041316 0 
943 0.025054 0 
944 0.016002 0 
945 0.016256 0 
946 0.021078 0 
947 0.014851 0 
948 0.012305 0 
949 0.029641 0 
950 0.014955 0 
951 0.042069 0 
952 0.025685 0 
953 0.030599 0 
954 0.031837 0 
955 0.017280 0 
956 0.022482 0 
957 0.050419 0 
958 0.034425 0 
959 0.021833 0 
960 0.025828 0 
961 0.017957 0 
962 0.037244 0 
963 0.033232 0 
964 0.016994 0 
965 0.011699 0 
966 0.030658 0 
967 0.017328 0 
968 0.021965 0 
969 0.026827 0 
970 0.014402 0 
971 0.030842 0 
972 0.035734 0 
973 0.019624 0 
974 0.010288 0 
975 0.026896 0 
976 0.020812 0 
977 0.012789 0 
978 0.012764 0 
979 0.023868 0 
980 0.046884 0 
981 0.030488 0 
982 0.016372 0 
983 0.027527 0 
984 0.019652 0 
985 0.026236 0 
986 0.053071 0 
987 0.051821 0 
988 0.035489 0 
989 0.061440 0 
990 0.044713 0 
991 0.028084 0 
992 0.036128 0 
993 0.039555 0 
994 0.028585 0 
995 0.012533 0 
996 0.009926 0 
997 0.021370 0 
998 0.050211 0 
999 0.033968 0 
1000 0.030687 0 
1001 0.018764 0 
1002 0.019081 0 
1003 0.025000 0 
1004 0.009824 0 
1005 0.027374 0 
1006 0.021926 0 
1007 0.021008 0 
1008 0.017179 0 
1009 0.017830 0 
1010 0.013877 0 
1011 0.026210 0 
1012 0.018360 0 
1013 0.013103 0 
1014 0.025856 0 
1015 0.021220 0 
1016 0.015945 0 
1017 0.022747 0 
1018 0.025680 0 
1019 0.020917 0 
1020 0.025406 0 
1021 0.024801 0 
1022 0.028082 0 
1023 0.019085 0 
1024 0.016179 0 
1025 0.032474 0 
1026 0.031093 0 
1027 0.018806 0 
1028 0.013414 0 
1029 0.024873 0 
1030 0.039656 0 
1031 0.048821 0 
1032 0.032606 0 
1033 0.016318 0 
1034 0.017057 0 
1035 0.029138 0 
1036 0.014486 0 
1037 0.025033 0 
1038 0.022478 0 
1039 0.033587 0 
1040 0.037743 0 
1041 0.030415 0 
1042 0.026678 0 
1043 0.017256 0 
1044 0.015927 0 
1045 0.027493 0 
1046 0.018805 0 
1047 0.024638 0 
1048 0.019374 0 
1049 0.025312 0 
1050 0.019324 0 
1051 0.024943 0 
1052 0.020789 0 
1053 0.024799 0 
1054 0.015849 0 
1055 0.029900 0 
1056 0.034658 0 
1057 0.019283 0 
1058 0.023167 0 
1059 0.017041 0 
1060 0.031099 0 
1061 0.024283 0 
1062 0.011202 0 
1063 0.017578 0 
1064 0.030947 0 
1065 0.041094 0 
1066 0.024798 0 
1067 0.019475 0 
1068 0.022346 0 
1069 0.014381 0 
1070 0.017444 0 
1071 0.010836 0 
1072 0.016686 0 
1073 0.015977 0 
1074 0.026595 0 
1075 0.022807 0 
1076 0.021240 0 
1077 0.024270 0 
1078 0.016388 0 
1079 0.013591 0 
1080 0.021250 0 
1081 0.019095 0 
1082 0.016488 0 
1083 0.030160 0 
1084 0.018895 0 
1085 0.029901 0 
1086 0.032317 0 
1087 0.028531 0 
1088 0.014821 0 
1089 0.024615 0 
1090 0.007809 0 
1091 0.017547 0 
1092 0.014260 0 
1093 0.042543 0 
1094 0.026584 0 
1095 0.019931 0 
1096 0.019852 0 
1097 0.008635 0 
1098 0.021271 0 
1099 0.019486 0 
1100 0.013069 0 
1101 0.023502 0 
1102 0.015854 0 
1103 0.014187 0 
1104 0.024889 0 
1105 0.013789 0 
1106 0.013657 0 
1107 0.033795 0 
1108 0.051836 0 
1109 0.035332 0 
1110 0.022554 0 
1111 0.006410 0 
1112 0.011029 0 
1113 0.017823 0 
1114 0.026567 0 
1115 0.023589 0 
1116 0.046367 0 
1117 0.029469 0 
1118 0.013426 0 
1119 0.013394 0 
1120 0.023315 0 
1121 0.010482 0 
1122 0.007289 0 
1123 0.018408 0 
1124 0.017942 0 
1125 0.024967 0 
1126 0.018360 0 
1127 0.016707 0 
1128 0.025891 0 
1129 0.021454 0 
1130 0.010097 0 
1131 0.023169 0 
1132 0.017775 0 
1133 0.023991 0 
1134 0.018345 0 
1135 0.032686 0 
1136 0.016347 0 
1137 0.027366 0 
1138 0.025496 0 
1139 0.020350 0 
1140 0.019351 0 
1141 0.028631 0 
1142 0.013922 0 
1143 0.025456 0 
1144 0.024834 0 
1145 0.016131 0 
1146 0.028317 0 
1147 0.015863 0 
1148 0.022537 0 
1149 0.026815 0 
1150 0.028049 0 
1151 0.020575 0 
1152 0.024647 0 
1153 0.014763 0 
1154 0.023325 0 
1155 0.015357 0 
1156 0.014671 0 
1157 0.023827 0 
1158 0.010466 0 
1159 0.029377 0 
1160 0.019861 0 
1161 0.021527 0 
1162 0.033944 0 
1163 0.017659 0 
1164 0.026125 0 
1165 0.015962 0 
1166 0.016741 0 
1167 0.018571 0 
1168 0.026370 0 
1169 0.010437 0 
1170 0.010816 0 
1171 0.034193 0 
1172 0.018119 0 
1173 0.008828 0 
1174 0.012384 0 
1175 0.017445 0 
1176 0.016285 0 
1177 0.015522 0 
1178 0.011936 0 
1179 0.014575 0 
1180 0.019096 0 
1181 0.011493 0 
1182 0.006467 0 
1183 0.015121 0 
1184 0.009363 0 
1185 0.018384 0 
1186 0.033750 0 
1187 0.040849 0 
1188 0.024528 0 
1189 0.013005 0 
1190 0.028473 0 
1191 0.011953 0 
1192 0.019023 0 
1193 0.031512 0 
1194 0.023618 0 
1195 0.017866 0 
1196 0.018570 0 
1197 0.028163 0 
1198 0.028552 0 
1199 0.027452 0 
1200 0.017932 0 
1201 0.031903 0 
1202 0.014993 0 
1203 0.040920 0 
1204 0.024787 0 
1205 0.017082 0 
1206 0.037725 0 
1207 0.021756 0 
1208 0.035573 0 
1209 0.019373 0 
1210 0.010615 0 
1211 0.010003 0 
1212 0.015635 0 
1213 0.033393 0 
1214 0.032279 0 
1215 0.015302 0 
1216 0.021127 0 
1217 0.029069 0 
1218 0.015102 0 
1219 0.021644 0 
1220 0.017941 0 
1221 0.018690 0 
1222 0.014694 0 
1223 0.018985 0 
1224 0.023145 0 
1225 0.026443 0 
1226 0.014054 0 
1227 0.020364 0 
1228 0.033880 0 
1229 0.031011 0 
1230 0.021384 0 
1231 0.022979 0 
1232 0.018685 0 
1233 0.015697 0 
1234 0.021446 0 
1235 0.019376 0 
1236 0.033406 0 
1237 0.017422 0 
1238 0.015763 0 
1239 0.018665 0 
1240 0.039662 0 
1241 0.023283 0 
1242 0.014017 0 
1243 0.017021 0 
1244 0.012954 0 
1245 0.042241 0 
1246 0.025814 0 
1247 0.013009 0 
1248 0.015795 0 
1249 0.014991 0 
1250 0.012411 0 
1251 0.026547 0 
1252 0.011581 0 
1253 0.017374 0 
1254 0.029822 0 
1255 0.014884 0 
1256 0.018236 0 
1257 0.018124 0 
1258 0.032107 0 
1259 0.018301 0 
1260 0.031911 0 
1261 0.024665 0 
1262 0.015529 0 
1263 0.020216 0 
1264 0.011542 0 
1265 0.023358 0 
1266 0.022432 0 
1267 0.021984 0 
1268 0.021738 0 
1269 0.019413 0 
1270 0.031371 0 
1271 0.022298 0 
1272 0.025029 0 
1273 0.012851 0 
1274 0.026901 0 
1275 0.019707 0 
1276 0.015235 0 
1277 0.023519 0 
1278 0.040485 0 
1279 0.024233 0 
1280 0.018299 0 
1281 0.022594 0 
1282 0.007692 0 
1283 0.018025 0 
1284 0.058213 0 
1285 0.041707 0 
1286 0.037340 0 
1287 0.021160 0 
1288 0.016313 0 
1289 0.021598 0 
1290 0.026663 0 
1291 0.012267 0 
1292 0.024514 0 
1293 0.023164 0 
1294 0.029971 0 
1295 0.032526 0 
1296 0.038086 0 
1297 0.026028 0 
1298 0.009749 0 
1299 0.015241 0 
1300 0.020842 0 
1301 0.015461 0 
1302 0.027251 0 
1303 0.021256 0 
1304 0.022002 0 
1305 0.012778 0 
1306 0.015287 0 
1307 0.030375 0 
1308 0.017378 0 
1309 0.025335 0 
1310 0.032320 0 
1311 0.020439 0 
1312 0.017843 0 
1313 0.015426 0 
1314 0.032329 0 
1315 0.030450 0 
1316 0.014637 0 
1317 0.020301 0 
1318 0.018847 0 
1319 0.024690 0 
1320 0.012164 0 
1321 0.016966 0 
1322 0.018950 0 
1323 0.014188 0 
1324 0.025862 0 
1325 0.013855 0 
1326 0.019773 0 
1327 0.032004 0 
1328 0.015712 0 
1329 0.017125 0 
1330 0.039629 0 
1331 0.023385 0 
1332 0.038795 0 
1333 0.028496 0 
1334 0.024112 0 
1335 0.013112 0 
1336 0.021451 0 
1337 0.014832 0 
1338 0.026503 0 
1339 0.021074 0 
1340 0.012980 0 
1341 0.022122 0 
1342 0.017926 0 
1343 0.029316 0 
1344 0.012366 0 
1345 0.025049 0 
1346 0.011362 0 
1347 0.036238 0 
1348 0.019640 0 
1349 0.022105 0 
1350 0.040298 0 
1351 0.023952 0 
1352 0.015595 0 
1353 0.017043 0 
1354 0.030366 0 
1355 0.032099 0 
1356 0.024470 0 
1357 0.031080 0 
1358 0.017000 0 
1359 0.019978 0 
1360 0.026444 0 
1361 0.017879 0 
1362 0.013932 0 
1363 0.020349 0 
1364 0.036302 0 
1365 0.037753 0 
1366 0.021230 0 
1367 0.026762 0 
1368 0.012040 0 
1369 0.023548 0 
1370 0.011768 0 
1371 0.037928 0 
1372 0.021775 0 
1373 0.021946 0 
1374 0.043244 0 
1375 0.026685 0 
1376 0.009708 0 
1377 0.016452 0 
1378 0.023514 0 
1379 0.040847 0 
1380 0.024491 0 
1381 0.010498 0 
1382 0.014724 0 
1383 0.022877 0 
1384 0.032001 0 
1385 0.015640 0 
1386 0.028160 0 
1387 0.011652 0 
1388 0.027890 0 
1389 0.021944 0 
1390 0.026662 0 
1391 0.015379 0 
1392 0.049108 0 
1393 0.031906 0 
1394 0.021956 0 
1395 0.020701 0 
1396 0.014574 0 
1397 0.028673 0 
1398 0.046375 0 
1399 0.030092 0 
1400 0.017776 0 
1401 0.033319 0 
1402 0.051715 0 
1403 0.035456 0 
1404 0.019121 0 
1405 0.005826 0 
1406 0.010330 0 
1407 0.040654 0 
1408 0.024506 0 
1409 0.029737 0 
1410 0.022280 0 
1411 0.015903 0 
1412 0.013950 0 
1413 0.012043 0 
1414 0.015749 0 
1415 0.027711 0 
1416 0.044931 0 
1417 0.030621 0 
1418 0.029197 0 
1419 0.034104 0 
1420 0.017711 0 
1421 0.035377 0 
1422 0.018544 0 
1423 0.026613 0 
1424 0.025753 0 
1425 0.022442 0 
1426 0.017131 0 
1427 0.018681 0 
1428 0.026183 0 
1429 0.010949 0 
1430 0.018351 0 
1431 0.016102 0 
1432 0.029128 0 
1433 0.024035 0 
1434 0.013208 0 
1435 0.026474 0 
1436 0.015548 0 
1437 0.037921 0 
1438 0.021789 0 
1439 0.020452 0 
1440 0.017510 0 
1441 0.021993 0 
1442 0.027186 0 
1443 0.014369 0 
1444 0.025931 0 
1445 0.017909 0 
1446 0.019023 0 
1447 0.033556 0 
1448 0.027091 0 
1449 0.024999 0 
1450 0.025672 0 
1451 0.038020 0 
1452 0.021740 0 
1453 0.024051 0 
1454 0.018166 0 
1455 0.015586 0 
1456 0.026711 0 
1457 0.034078 0 
1458 0.020083 0 
1459 0.012428 0 
1460 0.026267 0 
1461 0.020610 0 
1462 0.025621 0 
1463 0.015323 0 
1464 0.036145 0 
1465 0.030567 0 
1466 0.028862 0 
1467 0.012126 0 
1468 0.022697 0 
1469 0.012412 0 
1470 0.017173 0 
1471 0.020032 0 
1472 0.024659 0 
1473 0.012684 0 
1474 0.019150 0 
1475 0.015905 0 
1476 0.026943 0 
1477 0.021465 0 
1478 0.033859 0 
1479 0.017612 0 
1480 0.037032 0 
1481 0.020691 0 
1482 0.047558 0 
1483 0.042325 0 
1484 0.026006 0 
1485 0.016701 0 
1486 0.011046 0 
1487 0.023354 0 
1488 0.009221 0 
1489 0.029652 0 
1490 0.033474 0 
1491 0.016704 0 
1492 0.020035 0 
1493 0.029996 0 
1494 0.022547 0 
1495 0.019380 0 
1496 0.019015 0 
1497 0.016663 0 
1498 0.017851 0 
1499 0.038042 0 
1500 0.033815 0 
1501 0.017432 0 
1502 0.030499 0 
1503 0.023021 0 
1504 0.017569 0 
1505 0.012507 0 
1506 0.024351 0 
1507 0.036490 0 
1508 0.026736 0 
1509 0.030016 0 
1510 0.025032 0 
1511 0.020376 0 
1512 0.010731 0 
1513 0.032297 0 
1514 0.032713 0 
1515 0.018880 0 
1516 0.025938 0 
1517 0.025214 0 
1518 0.023626 0 
1519 0.025655 0 
1520 0.010076 0 
1521 0.023100 0 
1522 0.033266 0 
1523 0.025982 0 
1524 0.017565 0 
1525 0.024451 0 
1526 0.020967 0 
1527 0.011054 0 
1528 0.039061 0 
1529 0.023366 0 
1530 0.051065 0 
1531 0.034540 0 
1532 0.018214 0 
1533 0.014868 0 
1534 0.017821 0 
1535 0.016305 0 
1536 0.014819 0 
1537 0.009630 0 
1538 0.030891 0 
1539 0.048800 0 
1540 0.032438 0 
1541 0.051335 0 
1542 0.035078 0 
1543 0.018793 0 
1544 0.016536 0 
1545 0.038052 0 
1546 0.021752 0 
1547 0.026109 0 
1548 0.013358 0 
1549 0.014402 0 
1550 0.032234 0 
1551 0.026117 0 
1552 0.014422 0 
1553 0.028982 0 
1554 0.024306 0 
1555 0.021913 0 
1556 0.013312 0 
1557 0.022015 0 
1558 0.018302 0 
1559 0.015883 0 
1560 0.025141 0 
1561 0.014989 0 
1562 0.010531 0 
1563 0.017287 0 
1564 0.020725 0 
1565 0.015314 0 
1566 0.015512 0 
1567 0.015730 0 
1568 0.014720 0 
1569 0.019534 0 
1570 0.027230 0 
1571 0.017238 0 
1572 0.023172 0 
1573 0.017285 0 
1574 0.013937 0 
1575 0.017928 0 
1576 0.033749 0 
1577 0.017363 0 
1578 0.023610 0 
1579 0.029358 0 
1580 0.029898 0 
1581 0.013792 0 
1582 0.029965 0 
1583 0.030030 0 
1584 0.017090 0 
1585 0.027967 0 
1586 0.025492 0 
1587 0.026294 0 
1588 0.014769 0 
1589 0.012934 0 
1590 0.027679 0 
1591 0.011836 0 
1592 0.025160 0 
1593 0.017301 0 
1594 0.015067 0 
1595 0.023965 0 
1596 0.015032 0 
1597 0.034683 0 
1598 0.019095 0 
1599 0.039431 0 
1600 0.022785 0 
1601 0.018101 0 
1602 0.020688 0 
1603 0.016695 0 
1604 0.034228 0 
1605 0.029594 0 
1606 0.014345 0 
1607 0.022539 0 
1608 0.015897 0 
1609 0.020796 0 
1610 0.016328 0 
1611 0.021206 0 
1612 0.018664 0 
1613 0.027510 0 
1614 0.015112 0 
1615 0.022613 0 
1616 0.032961 0 
1617 0.013097 0 
1618 0.028733 0 
1619 0.028875 0 
1620 0.022123 0 
1621 0.017049 0 
1622 0.020699 0 
1623 0.022715 0 
1624 0.016240 0 
1625 0.022527 0 
1626 0.023548 0 
1627 0.025224 0 
1628 0.017839 0 
1629 0.035410 0 
1630 0.051506 0 
1631 0.035040 0 
1632 0.018692 0 
1633 0.013860 0 
1634 0.025652 0 
1635 0.011806 0 
1636 0.036374 0 
1637 0.025265 0 
1638 0.026467 0 
1639 0.025194 0 
1640 0.016392 0 
1641 0.025839 0 
1642 0.017272 0 
1643 0.019757 0 
1644 0.020170 0 
1645 0.038089 0 
1646 0.021807 0 
1647 0.014531 0 
1648 0.015395 0 
1649 0.026171 0 
1650 0.014067 0 
1651 0.020786 0 
1652 0.029766 0 
1653 0.018622 0 
1654 0.021744 0 
1655 0.025103 0 
1656 0.022340 0 
1657 0.030291 0 
1658 0.020318 0 
1659 0.018105 0 
1660 0.039579 0 
1661 0.022498 0 
1662 0.022666 0 
1663 0.014609 0 
1664 0.032683 0 
1665 0.015964 0 
1666 0.016586 0 
1667 0.018707 0 
1668 0.022257 0 
1669 0.028207 0 
1670 0.011776 0 
1671 0.021741 0 
1672 0.023724 0 
1673 0.018474 0 
1674 0.017685 0 
1675 0.027440 0 
1676 0.017529 0 
1677 0.015408 0 
1678 0.017811 0 
1679 0.021476 0 
1680 0.031879 0 
1681 0.017886 0 
1682 0.014943 0 
1683 0.031479 0 
1684 0.032485 0 
1685 0.037490 0 
1686 0.020746 0 
1687 0.045470 0 
1688 0.029109 0 
1689 0.015186 0 
1690 0.025769 0 
1691 0.031415 0 
1692 0.016936 0 
1693 0.034247 0 
1694 0.017980 0 
1695 0.033906 0 
1696 0.017293 0 
1697 0.047449 0 
1698 0.030882 0 
1699 0.015293 0 
1700 0.008115 0 
1701 0.023850 0 
1702 0.036766 0 
1703 0.020345 0 
1704 0.011418 0 
1705 0.018947 0 
1706 0.021481 0 
1707 0.028802 0 
1708 0.013829 0 
1709 0.013797 0 
1710 0.011171 0 
1711 0.023877 0 
1712 0.022680 0 
1713 0.015993 0 
1714 0.009924 0 
1715 0.019972 0 
1716 0.015924 0 
1717 0.025466 0 
1718 0.025190 0 
1719 0.022584 0 
1720 0.026195 0 
1721 0.015244 0 
1722 0.029884 0 
1723 0.024432 0 
1724 0.016633 0 
1725 0.010241 0 
1726 0.034764 0 
1727 0.018464 0 
1728 0.022497 0 
1729 0.032294 0 
1730 0.025000 0 
1731 0.019016 0 
1732 0.024388 0 
1733 0.023775 0 
1734 0.022995 0 
1735 0.038412 0 
1736 0.037916 0 
1737 0.021520 0 
1738 0.023800 0 
1739 0.013073 0 
1740 0.022652 0 
1741 0.023985 0 
1742 0.018493 0 
1743 0.018254 0 
1744 0.025143 0 
1745 0.018627 0 
1746 0.034016 0 
1747 0.021821 0 
1748 0.013593 0 
1749 0.012251 0 
1750 0.015941 0 
1751 0.027577 0 
1752 0.015933 0 
1753 0.030245 0 
1754 0.016301 0 
1755 0.032232 0 
1756 0.015668 0 
1757 0.021623 0 
1758 0.024577 0 
1759 0.019746 0 
1760 0.025051 0 
1761 0.022039 0 
1762 0.021518 0 
1763 0.023313 0 
1764 0.011626 0 
1765 0.044365 0 
1766 0.027866 0 
1767 0.027937 0 
1768 0.015919 0 
1769 0.018874 0 
1770 0.030175 0 
1771 0.013667 0 
1772 0.025618 0 
1773 0.016453 0 
1774 0.045041 0 
1775 0.028955 0 
1776 0.023449 0 
1777 0.026961 0 
1778 0.025813 0 
1779 0.010522 0 
1780 0.020141 0 
1781 0.010226 0 
1782 0.043534 0 
1783 0.027021 0 
1784 0.034190 0 
1785 0.018020 0 
1786 0.025657 0 
1787 0.015947 0 
1788 0.030214 0 
1789 0.035564 0 
1790 0.019315 0 
1791 0.024053 0 
1792 0.017979 0 
1793 0.037827 0 
1794 0.021359 0 
1795 0.027277 0 
1796 0.017330 0 
1797 0.027699 0 
1798 0.021357 0 
1799 0.034584 0 
1800 0.022156 0 
1801 0.041244 0 
1802 0.033748 0 
1803 0.017441 0 
1804 0.030639 0 
1805 0.049564 0 
1806 0.058544 0 
1807 0.041913 0 
1808 0.025246 0 
1809 0.015613 0 
1810 0.031117 0 
1811 0.016094 0 
1812 0.012072 0 
