2024-08-03 14:54:24
../stream-replay/logs/rtt-6205@128.txt
1 0.063898 0 
4 0.024633 0 
5 0.009525 0 
6 0.009675 0 
7 0.016869 0 
8 0.010602 0 
9 0.009819 0 
10 0.008810 0 
11 0.008875 0 
12 0.015759 0 
13 0.013254 0 
14 0.013099 0 
15 0.009461 0 
16 0.009580 0 
17 0.009876 0 
18 0.008336 0 
19 0.008789 0 
20 0.009129 0 
21 0.013711 0 
22 0.008832 0 
23 0.008037 0 
24 0.018169 0 
25 0.011821 0 
26 0.008999 0 
27 0.012715 0 
28 0.008321 0 
29 0.009656 0 
30 0.009084 0 
31 0.008774 0 
32 0.010726 0 
33 0.008457 0 
34 0.008111 0 
35 0.008349 0 
36 0.009244 0 
37 0.008883 0 
38 0.008919 0 
39 0.011491 0 
40 0.008940 0 
41 0.013208 0 
42 0.009240 0 
43 0.008816 0 
44 0.008629 0 
45 0.010099 0 
46 0.008165 0 
47 0.008603 0 
48 0.009015 0 
49 0.008665 0 
50 0.021735 0 
51 0.010970 0 
52 0.016440 0 
53 0.008744 0 
54 0.013225 0 
55 0.009121 0 
56 0.008915 0 
57 0.011821 0 
58 0.009810 0 
59 0.008640 0 
60 0.009245 0 
61 0.012610 0 
62 0.014449 0 
63 0.019043 0 
64 0.015285 0 
65 0.012631 0 
66 0.009614 0 
67 0.016984 0 
68 0.009543 0 
69 0.010136 0 
70 0.017941 0 
71 0.009020 0 
72 0.015160 0 
73 0.009088 0 
74 0.009938 0 
75 0.012166 0 
76 0.009039 0 
77 0.011352 0 
78 0.010413 0 
79 0.009054 0 
80 0.008979 0 
81 0.008892 0 
82 0.009140 0 
83 0.008992 0 
84 0.008892 0 
85 0.008984 0 
86 0.010498 0 
87 0.016632 0 
88 0.008790 0 
89 0.008808 0 
90 0.008783 0 
91 0.016914 0 
92 0.008886 0 
93 0.009211 0 
94 0.009154 0 
95 0.008739 0 
96 0.010449 0 
97 0.018890 0 
98 0.009605 0 
99 0.008864 0 
100 0.009544 0 
101 0.008979 0 
102 0.009078 0 
103 0.015246 0 
104 0.008543 0 
105 0.009263 0 
106 0.008906 0 
107 0.008811 0 
108 0.009247 0 
109 0.009735 0 
110 0.008695 0 
111 0.009623 0 
112 0.008337 0 
113 0.008958 0 
114 0.009487 0 
115 0.008934 0 
116 0.011219 0 
117 0.008597 0 
118 0.008312 0 
119 0.008879 0 
120 0.011314 0 
121 0.009468 0 
122 0.009331 0 
123 0.013050 0 
124 0.008871 0 
125 0.010442 0 
126 0.022259 0 
127 0.008956 0 
128 0.008520 0 
129 0.017910 0 
130 0.012111 0 
131 0.013072 0 
132 0.012574 0 
133 0.013769 0 
134 0.008866 0 
135 0.010125 0 
136 0.008142 0 
137 0.016824 0 
138 0.009641 0 
139 0.018178 0 
140 0.008696 0 
141 0.014452 0 
142 0.010979 0 
143 0.008389 0 
144 0.008186 0 
145 0.008451 0 
146 0.015480 0 
147 0.010473 0 
148 0.009321 0 
149 0.007978 0 
150 0.008630 0 
151 0.010595 0 
152 0.017638 0 
153 0.009093 0 
154 0.014901 0 
155 0.008471 0 
156 0.010112 0 
157 0.008920 0 
158 0.009381 0 
159 0.009191 0 
160 0.010255 0 
161 0.015126 0 
162 0.009367 0 
163 0.014134 0 
164 0.008763 0 
165 0.009222 0 
166 0.008541 0 
167 0.010110 0 
168 0.010081 0 
169 0.010403 0 
170 0.008654 0 
171 0.008579 0 
172 0.008610 0 
173 0.008392 0 
174 0.008784 0 
175 0.008250 0 
176 0.008806 0 
177 0.010985 0 
178 0.015360 0 
179 0.008451 0 
180 0.015331 0 
181 0.008403 0 
182 0.015741 0 
183 0.009330 0 
184 0.016605 0 
185 0.014903 0 
186 0.011840 0 
187 0.008704 0 
188 0.018883 0 
189 0.011222 0 
190 0.012055 0 
191 0.008050 0 
192 0.024730 0 
193 0.012358 0 
194 0.008765 0 
195 0.014662 0 
196 0.009983 0 
197 0.014540 0 
198 0.010273 0 
199 0.015225 0 
200 0.017148 0 
201 0.012833 0 
202 0.009897 0 
203 0.016607 0 
204 0.012790 0 
205 0.015346 0 
206 0.009087 0 
207 0.018782 0 
208 0.013081 0 
209 0.008301 0 
210 0.017865 0 
211 0.015810 0 
212 0.015326 0 
213 0.012070 0 
214 0.014024 0 
215 0.008837 0 
216 0.018824 0 
217 0.014363 0 
218 0.011511 0 
219 0.010611 0 
220 0.011202 0 
221 0.008415 0 
222 0.014040 0 
223 0.024997 0 
224 0.008676 0 
225 0.009088 0 
226 0.009346 0 
227 0.009092 0 
228 0.018643 0 
229 0.011485 0 
230 0.015089 0 
231 0.012251 0 
232 0.010835 0 
233 0.014851 0 
234 0.010386 0 
235 0.018958 0 
236 0.013519 0 
237 0.012255 0 
238 0.009200 0 
239 0.011745 0 
240 0.010234 0 
241 0.009513 0 
242 0.010745 0 
243 0.010198 0 
244 0.008525 0 
245 0.009694 0 
246 0.019461 0 
247 0.011155 0 
248 0.008648 0 
249 0.016743 0 
250 0.010127 0 
251 0.017578 0 
252 0.010097 0 
253 0.013057 0 
254 0.015878 0 
255 0.009106 0 
256 0.014559 0 
257 0.016431 0 
258 0.013561 0 
259 0.014099 0 
260 0.017406 0 
261 0.009595 0 
262 0.016985 0 
263 0.009472 0 
264 0.014700 0 
265 0.008251 0 
266 0.015922 0 
267 0.013827 0 
268 0.009531 0 
269 0.016556 0 
270 0.013900 0 
271 0.008870 0 
272 0.016591 0 
273 0.013270 0 
274 0.009460 0 
275 0.015223 0 
276 0.017071 0 
277 0.008601 0 
278 0.016592 0 
279 0.012782 0 
280 0.008237 0 
281 0.013944 0 
282 0.008871 0 
283 0.013401 0 
284 0.014234 0 
285 0.008503 0 
286 0.015094 0 
287 0.010861 0 
288 0.016822 0 
289 0.013742 0 
290 0.008994 0 
291 0.008076 0 
292 0.014817 0 
293 0.013978 0 
294 0.014727 0 
295 0.012073 0 
296 0.016011 0 
297 0.008595 0 
298 0.017744 0 
299 0.013500 0 
300 0.013912 0 
301 0.022982 0 
302 0.010834 0 
303 0.010653 0 
304 0.016108 0 
305 0.008661 0 
306 0.019114 0 
307 0.017684 0 
308 0.009125 0 
309 0.011615 0 
310 0.011667 0 
311 0.016952 0 
312 0.014418 0 
313 0.013267 0 
314 0.011978 0 
315 0.008534 0 
316 0.008291 0 
317 0.012897 0 
318 0.015532 0 
319 0.009830 0 
320 0.018181 0 
321 0.014485 0 
322 0.016783 0 
323 0.008686 0 
324 0.017525 0 
325 0.013499 0 
326 0.015509 0 
327 0.012126 0 
328 0.010757 0 
329 0.009004 0 
330 0.010732 0 
331 0.012672 0 
332 0.015215 0 
333 0.011233 0 
334 0.013589 0 
335 0.008391 0 
336 0.017399 0 
337 0.016694 0 
338 0.017171 0 
339 0.011562 0 
340 0.019190 0 
341 0.008991 0 
342 0.008626 0 
343 0.018206 0 
344 0.008459 0 
345 0.009517 0 
346 0.009198 0 
347 0.014502 0 
348 0.010032 0 
349 0.015280 0 
350 0.008752 0 
351 0.015071 0 
352 0.009368 0 
353 0.016242 0 
354 0.014793 0 
355 0.014035 0 
356 0.008309 0 
357 0.009807 0 
358 0.008101 0 
359 0.023264 0 
360 0.011858 0 
361 0.008499 0 
362 0.011296 0 
363 0.009056 0 
364 0.016024 0 
365 0.009496 0 
366 0.008487 0 
367 0.015107 0 
368 0.018306 0 
369 0.016038 0 
370 0.010242 0 
371 0.014051 0 
372 0.007949 0 
373 0.015019 0 
374 0.010730 0 
375 0.009060 0 
376 0.016877 0 
377 0.011204 0 
378 0.015178 0 
379 0.012566 0 
380 0.011173 0 
381 0.018502 0 
382 0.012117 0 
383 0.008710 0 
384 0.015768 0 
385 0.008664 0 
386 0.016599 0 
387 0.010666 0 
388 0.007704 0 
389 0.009106 0 
390 0.008761 0 
391 0.015410 0 
392 0.009612 0 
393 0.008066 0 
394 0.011071 0 
395 0.017967 0 
396 0.010462 0 
397 0.027042 0 
398 0.015039 0 
399 0.008916 0 
400 0.014578 0 
401 0.011511 0 
402 0.010430 0 
403 0.008720 0 
404 0.009987 0 
405 0.009030 0 
406 0.008421 0 
407 0.008833 0 
408 0.015572 0 
409 0.009171 0 
410 0.015035 0 
411 0.011881 0 
412 0.013425 0 
413 0.008097 0 
414 0.011878 0 
415 0.008127 0 
416 0.009178 0 
417 0.012287 0 
418 0.016155 0 
419 0.009494 0 
420 0.018423 0 
421 0.012868 0 
422 0.015489 0 
423 0.013422 0 
424 0.009795 0 
425 0.008513 0 
426 0.013211 0 
427 0.008101 0 
428 0.007835 0 
429 0.030458 0 
430 0.018991 0 
431 0.008342 0 
432 0.010194 0 
433 0.017608 0 
434 0.010881 0 
435 0.017241 0 
436 0.010126 0 
437 0.014021 0 
438 0.013847 0 
439 0.014266 0 
440 0.008415 0 
441 0.015758 0 
442 0.010850 0 
443 0.008559 0 
444 0.015697 0 
445 0.009476 0 
446 0.015610 0 
447 0.010103 0 
448 0.015274 0 
449 0.016039 0 
450 0.015029 0 
451 0.009117 0 
452 0.018251 0 
453 0.009222 0 
454 0.018650 0 
455 0.017500 0 
456 0.009535 0 
457 0.008758 0 
458 0.014554 0 
459 0.009228 0 
460 0.015138 0 
461 0.013026 0 
462 0.018178 0 
463 0.013481 0 
464 0.011462 0 
465 0.007840 0 
466 0.010618 0 
467 0.009614 0 
468 0.011043 0 
469 0.009335 0 
470 0.010357 0 
471 0.018194 0 
472 0.009102 0 
473 0.008970 0 
474 0.008134 0 
475 0.011160 0 
476 0.019118 0 
477 0.009014 0 
478 0.015218 0 
479 0.008961 0 
480 0.017292 0 
481 0.016736 0 
482 0.011113 0 
483 0.016601 0 
484 0.015949 0 
485 0.008382 0 
486 0.015149 0 
487 0.010610 0 
488 0.008793 0 
489 0.010478 0 
490 0.016912 0 
491 0.010269 0 
492 0.011300 0 
493 0.015334 0 
494 0.011082 0 
495 0.019348 0 
496 0.009417 0 
497 0.015375 0 
498 0.007767 0 
499 0.016638 0 
500 0.015562 0 
501 0.008998 0 
502 0.015942 0 
503 0.009080 0 
504 0.009264 0 
505 0.016737 0 
506 0.008390 0 
507 0.015760 0 
508 0.008799 0 
509 0.017127 0 
510 0.011336 0 
511 0.017128 0 
512 0.009078 0 
513 0.008593 0 
514 0.016098 0 
515 0.009047 0 
516 0.017332 0 
517 0.012903 0 
518 0.016762 0 
519 0.013064 0 
520 0.016734 0 
521 0.011307 0 
522 0.008651 0 
523 0.021940 0 
524 0.012537 0 
525 0.009151 0 
526 0.027980 0 
527 0.011438 0 
528 0.008353 0 
529 0.015537 0 
530 0.010768 0 
531 0.019158 0 
532 0.013305 0 
533 0.018844 0 
534 0.012892 0 
535 0.011300 0 
536 0.018384 0 
537 0.010227 0 
538 0.015366 0 
539 0.016602 0 
540 0.010276 0 
541 0.009402 0 
542 0.016829 0 
543 0.011950 0 
544 0.017418 0 
545 0.014162 0 
546 0.010759 0 
547 0.009657 0 
548 0.014064 0 
549 0.014097 0 
550 0.010138 0 
551 0.009020 0 
552 0.009227 0 
553 0.013120 0 
554 0.009191 0 
555 0.017596 0 
556 0.013066 0 
557 0.010377 0 
558 0.014963 0 
559 0.009247 0 
560 0.017102 0 
561 0.013203 0 
562 0.010205 0 
563 0.013983 0 
564 0.014122 0 
565 0.015110 0 
566 0.010846 0 
567 0.017702 0 
568 0.010255 0 
569 0.019131 0 
570 0.013273 0 
571 0.009886 0 
572 0.009115 0 
573 0.016005 0 
574 0.010724 0 
575 0.010618 0 
576 0.012008 0 
577 0.009490 0 
578 0.016434 0 
579 0.008434 0 
580 0.016129 0 
581 0.009013 0 
582 0.017456 0 
583 0.014241 0 
584 0.010899 0 
585 0.008720 0 
586 0.015477 0 
587 0.011786 0 
588 0.023820 0 
589 0.014007 0 
590 0.011447 0 
591 0.010721 0 
592 0.016208 0 
593 0.012272 0 
594 0.015693 0 
595 0.012392 0 
596 0.008359 0 
597 0.009109 0 
598 0.008524 0 
599 0.011643 0 
600 0.018285 0 
601 0.013340 0 
602 0.010026 0 
603 0.008762 0 
604 0.015311 0 
605 0.009840 0 
606 0.016738 0 
607 0.012438 0 
608 0.011076 0 
609 0.014798 0 
610 0.008771 0 
611 0.016971 0 
612 0.012495 0 
613 0.013519 0 
614 0.015248 0 
615 0.022063 0 
616 0.009795 0 
617 0.009197 0 
618 0.008756 0 
619 0.008779 0 
620 0.009149 0 
621 0.008875 0 
622 0.008663 0 
623 0.017548 0 
624 0.009034 0 
625 0.009861 0 
626 0.009870 0 
627 0.008887 0 
628 0.008756 0 
629 0.015015 0 
630 0.007354 0 
631 0.012965 0 
632 0.010053 0 
633 0.008119 0 
634 0.008658 0 
635 0.009296 0 
636 0.010990 0 
637 0.014550 0 
638 0.009576 0 
639 0.008794 0 
640 0.007438 0 
641 0.008841 0 
642 0.008591 0 
643 0.017877 0 
644 0.009074 0 
645 0.012754 0 
646 0.015419 0 
647 0.009189 0 
648 0.008489 0 
649 0.011079 0 
650 0.008972 0 
651 0.008547 0 
652 0.009235 0 
653 0.011505 0 
654 0.009686 0 
655 0.009893 0 
656 0.021510 0 
657 0.010163 0 
658 0.012060 0 
659 0.010772 0 
660 0.010036 0 
661 0.008789 0 
662 0.012107 0 
663 0.009498 0 
664 0.008263 0 
665 0.008975 0 
666 0.008739 0 
667 0.015903 0 
668 0.008651 0 
669 0.015269 0 
670 0.008358 0 
671 0.016014 0 
672 0.013252 0 
673 0.012748 0 
674 0.017240 0 
675 0.008803 0 
676 0.008976 0 
677 0.017945 0 
678 0.015468 0 
679 0.008688 0 
680 0.015773 0 
681 0.009867 0 
682 0.017226 0 
683 0.009758 0 
684 0.016493 0 
685 0.008416 0 
686 0.014402 0 
687 0.009100 0 
688 0.014024 0 
689 0.014613 0 
690 0.014392 0 
691 0.009011 0 
692 0.018434 0 
693 0.013798 0 
694 0.014418 0 
695 0.017309 0 
696 0.016733 0 
697 0.009372 0 
698 0.016054 0 
699 0.009503 0 
700 0.015480 0 
701 0.013003 0 
702 0.022888 0 
703 0.014076 0 
704 0.019479 0 
705 0.010978 0 
706 0.010663 0 
707 0.011579 0 
708 0.009184 0 
709 0.009107 0 
710 0.010758 0 
711 0.014807 0 
712 0.012875 0 
713 0.008507 0 
714 0.009861 0 
715 0.016127 0 
716 0.014309 0 
717 0.020011 0 
718 0.010207 0 
719 0.012661 0 
720 0.011630 0 
721 0.012861 0 
722 0.009537 0 
723 0.010538 0 
724 0.017027 0 
725 0.012637 0 
726 0.016841 0 
727 0.008798 0 
728 0.015637 0 
729 0.014156 0 
730 0.008785 0 
731 0.018195 0 
732 0.013526 0 
733 0.012155 0 
734 0.014669 0 
735 0.009879 0 
736 0.011814 0 
737 0.008547 0 
738 0.014553 0 
739 0.010259 0 
740 0.009423 0 
741 0.009702 0 
742 0.016557 0 
743 0.008862 0 
744 0.009170 0 
745 0.011760 0 
746 0.016579 0 
747 0.009404 0 
748 0.015335 0 
749 0.011329 0 
750 0.008697 0 
751 0.017591 0 
752 0.012543 0 
753 0.009087 0 
754 0.015267 0 
755 0.009169 0 
756 0.016190 0 
757 0.008937 0 
758 0.008918 0 
759 0.016053 0 
760 0.009574 0 
761 0.014958 0 
762 0.010513 0 
763 0.019286 0 
764 0.008915 0 
765 0.008257 0 
766 0.010139 0 
767 0.009110 0 
768 0.015530 0 
769 0.009157 0 
770 0.009976 0 
771 0.008800 0 
772 0.017879 0 
773 0.009963 0 
774 0.017554 0 
775 0.013534 0 
776 0.015388 0 
777 0.009599 0 
778 0.019916 0 
779 0.010200 0 
780 0.015123 0 
781 0.019037 0 
782 0.010188 0 
783 0.014350 0 
784 0.017866 0 
785 0.014758 0 
786 0.016941 0 
787 0.008830 0 
788 0.018522 0 
789 0.013365 0 
790 0.009504 0 
791 0.008704 0 
792 0.010422 0 
793 0.014619 0 
794 0.010109 0 
795 0.015268 0 
796 0.015383 0 
797 0.009358 0 
798 0.010207 0 
799 0.017316 0 
800 0.011628 0 
801 0.017781 0 
802 0.008764 0 
803 0.016557 0 
804 0.013222 0 
805 0.009321 0 
806 0.009098 0 
807 0.008729 0 
808 0.008619 0 
809 0.010582 0 
810 0.014318 0 
811 0.013320 0 
812 0.013960 0 
813 0.009747 0 
814 0.009865 0 
815 0.014759 0 
816 0.014185 0 
817 0.008633 0 
818 0.012456 0 
819 0.011335 0 
820 0.015715 0 
821 0.010057 0 
822 0.015082 0 
823 0.012553 0 
824 0.016372 0 
825 0.010226 0 
826 0.016009 0 
827 0.009249 0 
828 0.016476 0 
829 0.011177 0 
830 0.014796 0 
831 0.014007 0 
832 0.005316 0 
833 0.016078 0 
834 0.012914 0 
835 0.016746 0 
836 0.015282 0 
837 0.010416 0 
838 0.008694 0 
839 0.010046 0 
840 0.012585 0 
841 0.012079 0 
842 0.013927 0 
843 0.009354 0 
844 0.016593 0 
845 0.019653 0 
846 0.025933 0 
847 0.010983 0 
848 0.017281 0 
849 0.011354 0 
850 0.014845 0 
851 0.014615 0 
852 0.014639 0 
853 0.010311 0 
854 0.017179 0 
855 0.008444 0 
856 0.014896 0 
857 0.014340 0 
858 0.017112 0 
859 0.020605 0 
860 0.019140 0 
861 0.020982 0 
862 0.015749 0 
863 0.008639 0 
864 0.017528 0 
865 0.012267 0 
866 0.008984 0 
867 0.010257 0 
868 0.016701 0 
869 0.015463 0 
870 0.008816 0 
871 0.011485 0 
872 0.011471 0 
873 0.012195 0 
874 0.012053 0 
875 0.008591 0 
876 0.008955 0 
877 0.011638 0 
878 0.009281 0 
879 0.027616 0 
880 0.011118 0 
881 0.009917 0 
882 0.009565 0 
883 0.008943 0 
884 0.010654 0 
885 0.018545 0 
886 0.010422 0 
887 0.008702 0 
888 0.008760 0 
889 0.009012 0 
890 0.008742 0 
891 0.010428 0 
892 0.009001 0 
893 0.009760 0 
894 0.009996 0 
895 0.009827 0 
896 0.008298 0 
897 0.008279 0 
898 0.008708 0 
899 0.008599 0 
900 0.009015 0 
901 0.015564 0 
902 0.013015 0 
903 0.008852 0 
904 0.018142 0 
905 0.008940 0 
906 0.009379 0 
907 0.007949 0 
908 0.014749 0 
909 0.009243 0 
910 0.014058 0 
911 0.011890 0 
912 0.012860 0 
913 0.014230 0 
914 0.013829 0 
915 0.010121 0 
916 0.010460 0 
917 0.015449 0 
918 0.009297 0 
919 0.010267 0 
920 0.009373 0 
921 0.008588 0 
922 0.017618 0 
923 0.010500 0 
924 0.015150 0 
925 0.011870 0 
926 0.012549 0 
927 0.015072 0 
928 0.008988 0 
929 0.016286 0 
930 0.013107 0 
931 0.009635 0 
932 0.015321 0 
933 0.008677 0 
934 0.015579 0 
935 0.012379 0 
936 0.008169 0 
937 0.014528 0 
938 0.012857 0 
939 0.013051 0 
940 0.015318 0 
941 0.009163 0 
942 0.012760 0 
943 0.037954 0 
944 0.021648 0 
945 0.009117 0 
946 0.009653 0 
947 0.007996 0 
948 0.008520 0 
949 0.009112 0 
950 0.009714 0 
951 0.010420 0 
952 0.009061 0 
953 0.009014 0 
954 0.015516 0 
955 0.011420 0 
956 0.009109 0 
957 0.008989 0 
958 0.010270 0 
959 0.010182 0 
960 0.011454 0 
961 0.011633 0 
962 0.008430 0 
963 0.019076 0 
964 0.011403 0 
965 0.016928 0 
966 0.013746 0 
967 0.008448 0 
968 0.017826 0 
969 0.015304 0 
970 0.016665 0 
971 0.009547 0 
972 0.010840 0 
973 0.010129 0 
974 0.008386 0 
975 0.014989 0 
976 0.013374 0 
977 0.010697 0 
978 0.009170 0 
979 0.015066 0 
980 0.013989 0 
981 0.015440 0 
982 0.010695 0 
983 0.014564 0 
984 0.010134 0 
985 0.015822 0 
986 0.013331 0 
987 0.008698 0 
988 0.014539 0 
989 0.015678 0 
990 0.010730 0 
991 0.009567 0 
992 0.015051 0 
993 0.009376 0 
994 0.015957 0 
995 0.009673 0 
996 0.013653 0 
997 0.011048 0 
998 0.018323 0 
999 0.010629 0 
1000 0.014584 0 
1001 0.008458 0 
1002 0.017295 0 
1003 0.009186 0 
1004 0.008787 0 
1005 0.009807 0 
1006 0.017319 0 
1007 0.011346 0 
1008 0.014573 0 
1009 0.012019 0 
1010 0.015459 0 
1011 0.008061 0 
1012 0.017926 0 
1013 0.009051 0 
1014 0.018291 0 
1015 0.009192 0 
1016 0.017359 0 
1017 0.013984 0 
1018 0.009308 0 
1019 0.012376 0 
1020 0.009340 0 
1021 0.018817 0 
1022 0.038836 0 
1023 0.022857 0 
1024 0.018348 0 
1025 0.009529 0 
1026 0.024240 0 
1027 0.010804 0 
1028 0.008724 0 
1029 0.017485 0 
1030 0.008897 0 
1031 0.016105 0 
1032 0.011767 0 
1033 0.009001 0 
1034 0.008535 0 
1035 0.011261 0 
1036 0.010321 0 
1037 0.015681 0 
1038 0.008721 0 
1039 0.015850 0 
1040 0.014341 0 
1041 0.010202 0 
1042 0.018380 0 
1043 0.013556 0 
1044 0.009254 0 
1045 0.008354 0 
1046 0.009465 0 
1047 0.011540 0 
1048 0.008724 0 
1049 0.018157 0 
1050 0.013574 0 
1051 0.009279 0 
1052 0.008183 0 
1053 0.016447 0 
1054 0.009455 0 
1055 0.015806 0 
1056 0.008881 0 
1057 0.014824 0 
1058 0.009003 0 
1059 0.013566 0 
1060 0.009454 0 
1061 0.016989 0 
1062 0.014713 0 
1063 0.009606 0 
1064 0.008808 0 
1065 0.008678 0 
1066 0.015350 0 
1067 0.008828 0 
1068 0.016238 0 
1069 0.011099 0 
1070 0.013660 0 
1071 0.008671 0 
1072 0.008696 0 
1073 0.016084 0 
1074 0.010945 0 
1075 0.010523 0 
1076 0.015017 0 
1077 0.008281 0 
1078 0.009420 0 
1079 0.017738 0 
1080 0.009665 0 
1081 0.016189 0 
1082 0.009913 0 
1083 0.008038 0 
1084 0.016115 0 
1085 0.012786 0 
1086 0.009635 0 
1087 0.014419 0 
1088 0.009330 0 
1089 0.011855 0 
1090 0.015333 0 
1091 0.009513 0 
1092 0.014606 0 
1093 0.008342 0 
1094 0.016690 0 
1095 0.009504 0 
1096 0.016340 0 
1097 0.008525 0 
1098 0.015464 0 
1099 0.015615 0 
1100 0.008729 0 
1101 0.017369 0 
1102 0.008533 0 
1103 0.017791 0 
1104 0.011206 0 
1105 0.008672 0 
1106 0.027504 0 
1107 0.020810 0 
1108 0.009323 0 
1109 0.016225 0 
1110 0.010607 0 
1111 0.015994 0 
1112 0.010162 0 
1113 0.008815 0 
1114 0.013917 0 
1115 0.010386 0 
1116 0.009019 0 
1117 0.009468 0 
1118 0.018716 0 
1119 0.012964 0 
1120 0.013442 0 
1121 0.012859 0 
1122 0.015055 0 
1123 0.009874 0 
1124 0.010798 0 
1125 0.013986 0 
1126 0.008487 0 
1127 0.008468 0 
1128 0.010410 0 
1129 0.010958 0 
1130 0.008378 0 
1131 0.009650 0 
1132 0.013664 0 
1133 0.010205 0 
1134 0.009164 0 
1135 0.017471 0 
1136 0.014898 0 
1137 0.009986 0 
1138 0.014669 0 
1139 0.016223 0 
1140 0.009503 0 
1141 0.009662 0 
1142 0.028130 0 
1143 0.019599 0 
1144 0.015021 0 
1145 0.012878 0 
1146 0.009171 0 
1147 0.016479 0 
1148 0.013199 0 
1149 0.013653 0 
1150 0.013164 0 
1151 0.008954 0 
1152 0.009094 0 
1153 0.009779 0 
1154 0.009761 0 
1155 0.014389 0 
1156 0.009186 0 
1157 0.008450 0 
1158 0.008394 0 
1159 0.016020 0 
1160 0.008519 0 
1161 0.009439 0 
1162 0.016110 0 
1163 0.014626 0 
1164 0.008482 0 
1165 0.016475 0 
1166 0.014344 0 
1167 0.014090 0 
1168 0.013080 0 
1169 0.014457 0 
1170 0.009071 0 
1171 0.016939 0 
1172 0.012097 0 
1173 0.023742 0 
1174 0.013575 0 
1175 0.011820 0 
1176 0.008738 0 
1177 0.017348 0 
1178 0.012220 0 
1179 0.015048 0 
1180 0.009139 0 
1181 0.012164 0 
1182 0.014470 0 
1183 0.008341 0 
1184 0.017339 0 
1185 0.012892 0 
1186 0.008885 0 
1187 0.012747 0 
1188 0.006276 0 
1189 0.009565 0 
1190 0.010689 0 
1191 0.010239 0 
1192 0.015984 0 
1193 0.008486 0 
1194 0.015557 0 
1195 0.008576 0 
1196 0.018156 0 
1197 0.010881 0 
1198 0.010290 0 
1199 0.017185 0 
1200 0.012183 0 
1201 0.014897 0 
1202 0.009602 0 
1203 0.008785 0 
1204 0.008396 0 
1205 0.014345 0 
1206 0.012403 0 
1207 0.017340 0 
1208 0.009875 0 
1209 0.018012 0 
1210 0.011501 0 
1211 0.018440 0 
1212 0.012570 0 
1213 0.011326 0 
1214 0.008503 0 
1215 0.008616 0 
1216 0.011173 0 
1217 0.015165 0 
1218 0.013029 0 
1219 0.014785 0 
1220 0.008465 0 
1221 0.008080 0 
1222 0.008424 0 
1223 0.009422 0 
1224 0.009140 0 
1225 0.013774 0 
1226 0.010511 0 
1227 0.009420 0 
1228 0.009966 0 
1229 0.009513 0 
1230 0.008698 0 
1231 0.009531 0 
1232 0.014290 0 
1233 0.010710 0 
1234 0.013374 0 
1235 0.012084 0 
1236 0.012797 0 
1237 0.014569 0 
1238 0.013304 0 
1239 0.017190 0 
1240 0.008800 0 
1241 0.025590 0 
1242 0.012860 0 
1243 0.010525 0 
1244 0.018123 0 
1245 0.010503 0 
1246 0.016207 0 
1247 0.008692 0 
1248 0.017987 0 
1249 0.010442 0 
1250 0.016356 0 
1251 0.012555 0 
1252 0.010084 0 
1253 0.017833 0 
1254 0.012806 0 
1255 0.008538 0 
1256 0.008819 0 
1257 0.008212 0 
1258 0.017501 0 
1259 0.009815 0 
1260 0.018104 0 
1261 0.008348 0 
1262 0.008623 0 
1263 0.010592 0 
1264 0.009917 0 
1265 0.017765 0 
1266 0.015067 0 
1267 0.009077 0 
1268 0.015630 0 
1269 0.013440 0 
1270 0.008568 0 
1271 0.015687 0 
1272 0.016043 0 
1273 0.011669 0 
1274 0.020089 0 
1275 0.015603 0 
1276 0.008433 0 
1277 0.022665 0 
1278 0.014743 0 
1279 0.008945 0 
1280 0.011983 0 
1281 0.011898 0 
1282 0.007894 0 
1283 0.007885 0 
1284 0.008798 0 
1285 0.015812 0 
1286 0.009532 0 
1287 0.016744 0 
1288 0.008592 0 
1289 0.009226 0 
1290 0.021946 0 
1291 0.012282 0 
1292 0.009690 0 
1293 0.014597 0 
1294 0.014190 0 
1295 0.010078 0 
1296 0.009226 0 
1297 0.014624 0 
1298 0.013127 0 
1299 0.014685 0 
1300 0.008497 0 
1301 0.015229 0 
1302 0.012888 0 
1303 0.014827 0 
1304 0.009618 0 
1305 0.016415 0 
1306 0.012008 0 
1307 0.013065 0 
1308 0.008839 0 
1309 0.011748 0 
1310 0.023734 0 
1311 0.012830 0 
1312 0.016847 0 
1313 0.008648 0 
1314 0.014176 0 
1315 0.008531 0 
1316 0.012624 0 
1317 0.008527 0 
1318 0.010623 0 
1319 0.018253 0 
1320 0.008617 0 
1321 0.019830 0 
1322 0.013153 0 
1323 0.014776 0 
1324 0.013392 0 
1325 0.010154 0 
1326 0.015518 0 
1327 0.010291 0 
1328 0.018293 0 
1329 0.009475 0 
1330 0.016115 0 
1331 0.010414 0 
1332 0.015974 0 
1333 0.011415 0 
1334 0.008954 0 
1335 0.009966 0 
1336 0.015071 0 
1337 0.013550 0 
1338 0.011460 0 
1339 0.017243 0 
1340 0.009280 0 
1341 0.018009 0 
1342 0.013656 0 
1343 0.009271 0 
1344 0.015172 0 
1345 0.008794 0 
1346 0.015153 0 
1347 0.011049 0 
1348 0.015847 0 
1349 0.011799 0 
1350 0.014200 0 
1351 0.009301 0 
1352 0.014581 0 
1353 0.011171 0 
1354 0.016671 0 
1355 0.018990 0 
1356 0.014748 0 
1357 0.007137 0 
1358 0.007641 0 
1359 0.008205 0 
1360 0.008466 0 
1361 0.008521 0 
1362 0.011312 0 
1363 0.018577 0 
1364 0.010768 0 
1365 0.008942 0 
1366 0.008560 0 
1367 0.009085 0 
1368 0.008636 0 
1369 0.014943 0 
1370 0.009187 0 
1371 0.008818 0 
1372 0.008685 0 
1373 0.009156 0 
1374 0.010592 0 
1375 0.008455 0 
1376 0.008718 0 
1377 0.012092 0 
1378 0.012835 0 
1379 0.014024 0 
1380 0.012347 0 
1381 0.012645 0 
1382 0.008600 0 
1383 0.008454 0 
1384 0.008685 0 
1385 0.007852 0 
1386 0.014526 0 
1387 0.013594 0 
1388 0.016315 0 
1389 0.013119 0 
1390 0.009697 0 
1391 0.009099 0 
1392 0.010103 0 
1393 0.014248 0 
1394 0.009592 0 
1395 0.015300 0 
1396 0.013022 0 
1397 0.012990 0 
1398 0.012569 0 
1399 0.013887 0 
1400 0.008409 0 
1401 0.019496 0 
1402 0.010083 0 
1403 0.008709 0 
1404 0.015984 0 
1405 0.008253 0 
1406 0.015213 0 
1407 0.013806 0 
1408 0.008387 0 
1409 0.015865 0 
1410 0.009446 0 
1411 0.010050 0 
1412 0.018575 0 
1413 0.013351 0 
1414 0.008527 0 
1415 0.018393 0 
1416 0.014380 0 
1417 0.011907 0 
1418 0.010159 0 
1419 0.011102 0 
1420 0.013796 0 
1421 0.013217 0 
1422 0.015008 0 
1423 0.012174 0 
1424 0.013574 0 
1425 0.015080 0 
1426 0.008659 0 
1427 0.016968 0 
1428 0.012324 0 
1429 0.011204 0 
1430 0.010539 0 
1431 0.008615 0 
1432 0.010358 0 
1433 0.009449 0 
1434 0.015467 0 
1435 0.009346 0 
1436 0.018050 0 
1437 0.011360 0 
1438 0.010993 0 
1439 0.008731 0 
1440 0.008674 0 
1441 0.012776 0 
1442 0.009450 0 
1443 0.010420 0 
1444 0.008625 0 
1445 0.010521 0 
1446 0.010537 0 
1447 0.015322 0 
1448 0.012096 0 
1449 0.015089 0 
1450 0.012346 0 
1451 0.011332 0 
1452 0.020218 0 
1453 0.010821 0 
1454 0.010533 0 
1455 0.016217 0 
1456 0.013717 0 
1457 0.021417 0 
1458 0.008592 0 
1459 0.014264 0 
1460 0.008253 0 
1461 0.013940 0 
1462 0.008641 0 
1463 0.008158 0 
1464 0.008151 0 
1465 0.015296 0 
1466 0.009958 0 
1467 0.017626 0 
1468 0.008996 0 
1469 0.008944 0 
1470 0.016672 0 
1471 0.008383 0 
1472 0.014720 0 
1473 0.012863 0 
1474 0.008430 0 
1475 0.013803 0 
1476 0.008840 0 
1477 0.017138 0 
1478 0.017731 0 
1479 0.009002 0 
1480 0.008327 0 
1481 0.015568 0 
1482 0.014040 0 
1483 0.016743 0 
1484 0.008997 0 
1485 0.017216 0 
1486 0.013390 0 
1487 0.018248 0 
1488 0.008943 0 
1489 0.008502 0 
1490 0.009134 0 
1491 0.018398 0 
1492 0.008732 0 
1493 0.008615 0 
1494 0.018475 0 
1495 0.014352 0 
1496 0.012836 0 
1497 0.010025 0 
1498 0.016254 0 
1499 0.009998 0 
1500 0.025801 0 
1501 0.013851 0 
1502 0.017511 0 
1503 0.012882 0 
1504 0.008451 0 
1505 0.017340 0 
1506 0.008677 0 
1507 0.017674 0 
1508 0.015034 0 
1509 0.009106 0 
1510 0.015479 0 
1511 0.017613 0 
1512 0.008646 0 
1513 0.010520 0 
1514 0.008577 0 
1515 0.014092 0 
1516 0.014561 0 
1517 0.015297 0 
1518 0.010106 0 
1519 0.014329 0 
1520 0.010519 0 
1521 0.016540 0 
1522 0.008116 0 
1523 0.009758 0 
1524 0.008506 0 
1525 0.010113 0 
1526 0.014820 0 
1527 0.012936 0 
1528 0.015920 0 
1529 0.010476 0 
1530 0.017019 0 
1531 0.013159 0 
1532 0.018145 0 
1533 0.015745 0 
1534 0.009817 0 
1535 0.008759 0 
1536 0.008944 0 
1537 0.009175 0 
1538 0.009461 0 
1539 0.015929 0 
1540 0.018142 0 
1541 0.008986 0 
1542 0.019027 0 
1543 0.017473 0 
1544 0.031125 0 
1545 0.014425 0 
1546 0.016746 0 
1547 0.009744 0 
1548 0.015185 0 
1549 0.012034 0 
1550 0.009623 0 
1551 0.008836 0 
1552 0.008527 0 
1553 0.023792 0 
1554 0.014250 0 
1555 0.021863 0 
1556 0.015149 0 
1557 0.015385 0 
1558 0.017296 0 
1559 0.012615 0 
1560 0.015074 0 
1561 0.013776 0 
1562 0.009004 0 
1563 0.010169 0 
1564 0.016499 0 
1565 0.012555 0 
1566 0.014136 0 
1567 0.010726 0 
1568 0.019228 0 
1569 0.010802 0 
1570 0.020468 0 
1571 0.010499 0 
1572 0.008230 0 
1573 0.008758 0 
1574 0.013458 0 
1575 0.008305 0 
1576 0.013078 0 
1577 0.008793 0 
1578 0.010419 0 
1579 0.014904 0 
1580 0.010658 0 
1581 0.016457 0 
1582 0.008688 0 
1583 0.017712 0 
1584 0.013253 0 
1585 0.008223 0 
1586 0.009305 0 
1587 0.016610 0 
1588 0.009550 0 
1589 0.014077 0 
1590 0.008708 0 
1591 0.014487 0 
1592 0.009042 0 
1593 0.015852 0 
1594 0.008355 0 
1595 0.014892 0 
1596 0.011846 0 
1597 0.008555 0 
1598 0.014959 0 
1599 0.012133 0 
1600 0.014636 0 
1601 0.019505 0 
1602 0.014763 0 
1603 0.013895 0 
1604 0.015575 0 
1605 0.009424 0 
1606 0.009331 0 
1607 0.008948 0 
1608 0.010687 0 
1609 0.008891 0 
1610 0.009722 0 
1611 0.016073 0 
1612 0.014663 0 
1613 0.008738 0 
1614 0.008864 0 
1615 0.010168 0 
1616 0.009406 0 
1617 0.009092 0 
1618 0.009883 0 
1619 0.008669 0 
1620 0.008692 0 
1621 0.008620 0 
1622 0.012799 0 
1623 0.009791 0 
1624 0.027833 0 
1625 0.010240 0 
1626 0.008185 0 
1627 0.010316 0 
1628 0.010221 0 
1629 0.012913 0 
1630 0.013784 0 
1627 0.068565 1 
1628 0.052213 1 
1629 0.035787 1 
1630 0.019406 1 
1631 0.005332 1 
1631 0.010842 0 
1632 0.009563 1 
1632 0.019300 0 
1633 0.008690 1 
1633 0.012226 0 
1634 0.006033 1 
1634 0.008797 0 
1635 0.012138 1 
1635 0.015764 0 
1636 0.011259 0 
1636 0.017717 1 
1637 0.005458 1 
1637 0.010774 0 
1638 0.005766 1 
1638 0.015633 0 
1639 0.008174 1 
1639 0.012537 0 
1640 0.007590 1 
1640 0.014024 0 
1641 0.005611 1 
1641 0.009814 0 
1642 0.008534 1 
1642 0.021263 0 
1643 0.005048 1 
1643 0.008954 0 
1644 0.005733 1 
1644 0.017809 0 
1645 0.008533 1 
1645 0.011648 0 
1646 0.007617 1 
1646 0.008621 0 
1647 0.005121 1 
1647 0.012159 0 
1648 0.008557 1 
1648 0.010435 0 
1649 0.006130 1 
1649 0.009463 0 
1650 0.006476 1 
1650 0.017315 0 
1651 0.008163 1 
1651 0.010325 0 
1652 0.010926 1 
1652 0.010978 0 
1653 0.005495 1 
1653 0.019303 0 
1654 0.007642 1 
1654 0.010110 0 
1655 0.009267 1 
1655 0.019718 0 
1656 0.010950 0 
1656 0.011220 1 
1657 0.007035 1 
1657 0.015390 0 
1658 0.008381 1 
1658 0.008456 0 
1659 0.008370 1 
1659 0.016811 0 
1660 0.005535 1 
1660 0.013045 0 
1661 0.005516 1 
1661 0.010867 0 
1662 0.011385 1 
1662 0.020712 0 
1663 0.008822 1 
1663 0.010103 0 
1664 0.006047 1 
1664 0.009437 0 
1665 0.006994 1 
1665 0.014545 0 
1666 0.005419 1 
1666 0.012303 0 
1667 0.005759 1 
1667 0.014305 0 
1668 0.006612 1 
1668 0.009626 0 
1669 0.006049 1 
1669 0.009046 0 
1670 0.006313 1 
1670 0.009708 0 
1671 0.007261 0 
1671 0.011595 1 
1672 0.007056 1 
1672 0.012545 0 
1673 0.005888 1 
1673 0.011113 0 
1674 0.006259 1 
1674 0.012008 0 
1675 0.004998 1 
1675 0.010704 0 
1676 0.005562 1 
1676 0.009428 0 
1677 0.005341 1 
1677 0.009861 0 
1678 0.008517 1 
1678 0.008570 0 
1679 0.005374 1 
1679 0.013789 0 
1680 0.005912 1 
1680 0.016482 0 
1681 0.004697 1 
1681 0.010029 0 
1682 0.005648 1 
1682 0.009196 0 
1683 0.004964 1 
1683 0.008640 0 
1684 0.006752 1 
1684 0.009405 0 
1685 0.005913 1 
1685 0.009933 0 
1686 0.006270 1 
1686 0.009688 0 
1687 0.006714 1 
1687 0.009272 0 
1688 0.007143 1 
1688 0.019607 0 
1689 0.004366 1 
1689 0.015854 0 
1690 0.008664 1 
1690 0.017852 0 
1691 0.006038 1 
1691 0.014079 0 
1692 0.008975 1 
1692 0.011432 0 
1693 0.008688 1 
1693 0.008770 0 
1694 0.010066 1 
1694 0.010127 0 
1695 0.006745 1 
1695 0.008959 0 
1696 0.007549 1 
1696 0.011602 0 
1697 0.006931 1 
1697 0.009691 0 
1698 0.006766 1 
1698 0.012470 0 
1699 0.005725 1 
1699 0.017350 0 
1700 0.007489 1 
1700 0.016645 0 
1701 0.007239 1 
1701 0.012866 0 
1702 0.007734 1 
1702 0.014740 0 
1703 0.011400 1 
1703 0.014570 0 
1704 0.006366 1 
1704 0.008901 0 
1705 0.005519 1 
1705 0.008672 0 
1706 0.005773 1 
1706 0.014151 0 
1707 0.006177 1 
1707 0.009484 0 
1708 0.005320 1 
1708 0.013765 0 
1709 0.009243 0 
1709 0.014333 1 
1710 0.009967 0 
1710 0.017759 1 
1711 0.005090 1 
1711 0.014856 0 
1712 0.009248 0 
1712 0.011064 1 
1713 0.006777 1 
1713 0.009235 0 
1714 0.005162 1 
1714 0.014776 0 
1715 0.005860 1 
1715 0.014954 0 
1716 0.005481 1 
1716 0.011077 0 
1717 0.005860 1 
1717 0.010438 0 
1718 0.006019 1 
1718 0.009082 0 
1719 0.006958 1 
1719 0.007910 0 
1720 0.006530 1 
1720 0.011098 0 
1721 0.006188 1 
1721 0.009330 0 
1722 0.005650 1 
1722 0.008551 0 
1723 0.005714 1 
1723 0.009635 0 
1724 0.005933 1 
1724 0.008587 0 
1725 0.007256 1 
1725 0.010338 0 
1726 0.006529 1 
1726 0.008642 0 
1727 0.005733 1 
1727 0.012414 0 
1728 0.007205 1 
1728 0.011358 0 
1729 0.008529 1 
1729 0.011462 0 
1730 0.009488 1 
1730 0.009701 0 
1731 0.006659 1 
1731 0.008838 0 
1732 0.006139 1 
1732 0.012324 0 
1733 0.007230 1 
1733 0.008574 0 
1734 0.008479 1 
1734 0.015970 0 
1735 0.008981 0 
1735 0.009592 1 
1736 0.007555 1 
1736 0.008868 0 
1737 0.005433 1 
1737 0.008955 0 
1738 0.010560 1 
1738 0.011131 0 
1739 0.010279 1 
1739 0.010360 0 
1740 0.011049 1 
1740 0.012654 0 
1741 0.006570 1 
1741 0.015023 0 
1742 0.007167 1 
1742 0.008657 0 
1743 0.005812 1 
1743 0.013711 0 
1744 0.006526 1 
1744 0.010541 0 
1745 0.006115 1 
1745 0.009808 0 
1746 0.007257 1 
1746 0.010244 0 
1747 0.006628 1 
1747 0.010117 0 
1748 0.008201 1 
1748 0.015163 0 
1749 0.005017 1 
1749 0.012409 0 
1750 0.005894 1 
1750 0.014668 0 
1751 0.008136 1 
1751 0.009142 0 
1752 0.006124 1 
1752 0.014538 0 
1753 0.007173 1 
1753 0.007968 0 
1754 0.006831 1 
1754 0.010108 0 
1755 0.005688 1 
1755 0.010441 0 
1756 0.005875 1 
1756 0.008682 0 
1757 0.005663 1 
1757 0.014184 0 
1758 0.006141 1 
1758 0.013180 0 
1759 0.013897 1 
1759 0.013966 0 
1760 0.006605 1 
1760 0.009971 0 
1761 0.006661 1 
1761 0.014971 0 
1762 0.006245 1 
1762 0.007424 0 
1763 0.006264 1 
1763 0.008543 0 
1764 0.006493 1 
1764 0.009308 0 
1765 0.005904 1 
1765 0.008947 0 
1766 0.007371 1 
1766 0.013721 0 
1767 0.008166 1 
1767 0.014040 0 
1768 0.006174 1 
1768 0.009405 0 
1769 0.005870 1 
1769 0.009206 0 
1770 0.008605 0 
1770 0.008682 1 
1771 0.007750 1 
1771 0.013017 0 
1772 0.005486 1 
1772 0.013126 0 
1773 0.005818 1 
1773 0.008897 0 
1774 0.006966 1 
1774 0.010334 0 
1775 0.007589 1 
1775 0.009818 0 
1776 0.010764 1 
1776 0.012373 0 
1777 0.008411 0 
1777 0.013247 1 
1778 0.006402 1 
1778 0.009561 0 
1779 0.006487 1 
1779 0.009313 0 
1780 0.005344 1 
1780 0.012116 0 
1781 0.006491 1 
1781 0.009794 0 
1782 0.009096 1 
1782 0.012767 0 
1783 0.007357 1 
1783 0.014393 0 
1784 0.006155 1 
1784 0.015726 0 
1785 0.010763 0 
1785 0.010971 1 
1786 0.014739 0 
1786 0.018301 1 
1787 0.008557 1 
1787 0.008636 0 
1788 0.007321 1 
1788 0.016080 0 
1789 0.008250 1 
1789 0.008411 0 
1790 0.006105 1 
1790 0.007335 0 
1791 0.006226 1 
1791 0.015634 0 
1792 0.006075 1 
1792 0.008878 0 
1793 0.008639 1 
1793 0.011552 0 
1794 0.011271 1 
1794 0.014134 0 
1795 0.007571 1 
1795 0.009911 0 
1796 0.006146 1 
1796 0.008343 0 
1797 0.009898 1 
1797 0.014025 0 
1798 0.006450 1 
1798 0.011416 0 
1799 0.009300 1 
1799 0.014637 0 
1800 0.006851 1 
1800 0.008468 0 
1801 0.008831 0 
1801 0.011626 1 
1802 0.008787 1 
1802 0.010535 0 
1803 0.008608 1 
1803 0.014426 0 
1804 0.008071 1 
1804 0.008137 0 
1805 0.013603 1 
1805 0.020716 0 
1806 0.006316 1 
1806 0.012461 0 
1807 0.005929 1 
1807 0.010276 0 
1808 0.007256 1 
1808 0.009581 0 
1809 0.008680 0 
1809 0.010403 1 
1810 0.008229 1 
1810 0.014216 0 
1811 0.005759 1 
1811 0.009855 0 
1812 0.006945 1 
1812 0.010812 0 
1813 0.006247 1 
1813 0.014571 0 
1814 0.007786 0 
1814 0.009826 1 
1815 0.008313 1 
1815 0.012838 0 
1816 0.010761 1 
1816 0.013227 0 
1817 0.008758 1 
1817 0.015290 0 
1818 0.006287 1 
1818 0.011392 0 
1819 0.007009 1 
1819 0.009214 0 
1820 0.008143 1 
1820 0.015006 0 
1821 0.006972 1 
1821 0.012344 0 
1822 0.009757 1 
1822 0.014081 0 
1823 0.009592 1 
1823 0.013551 0 
1824 0.010648 1 
1824 0.010907 0 
1825 0.006639 1 
1825 0.010223 0 
1826 0.006310 1 
1826 0.007964 0 
1827 0.007468 1 
1827 0.009112 0 
1828 0.008245 1 
1828 0.009683 0 
1829 0.007556 1 
1829 0.015816 0 
1830 0.012700 1 
1830 0.012752 0 
1831 0.007250 1 
1831 0.008617 0 
1832 0.013265 0 
1832 0.013343 1 
1833 0.008406 1 
1833 0.017056 0 
1834 0.008770 1 
1834 0.012519 0 
1835 0.006905 1 
1835 0.014518 0 
1836 0.012085 0 
1836 0.012385 1 
1837 0.014303 1 
1837 0.014380 0 
1838 0.009605 1 
1838 0.013156 0 
1839 0.007440 1 
1839 0.009426 0 
1840 0.011038 1 
1840 0.011117 0 
1841 0.017074 1 
1841 0.017190 0 
1842 0.007155 1 
1842 0.015196 0 
1843 0.005500 1 
1843 0.010748 0 
1844 0.006627 1 
1844 0.014006 0 
1845 0.005743 1 
1845 0.011663 0 
1846 0.008142 0 
1846 0.013502 1 
1847 0.008044 1 
1847 0.009017 0 
1848 0.009945 1 
1848 0.011861 0 
1849 0.006808 1 
1849 0.009305 0 
1850 0.009660 0 
1850 0.012604 1 
1851 0.010583 0 
1851 0.016064 1 
1852 0.012232 0 
1852 0.016366 1 
1853 0.007481 1 
1853 0.015736 0 
1854 0.006740 1 
1854 0.009258 0 
1855 0.006750 1 
1855 0.007995 0 
1856 0.006791 1 
1856 0.012945 0 
1857 0.006459 1 
1857 0.008033 0 
1858 0.005903 1 
1858 0.015338 0 
1859 0.008380 1 
1859 0.008436 0 
1860 0.006088 1 
1860 0.007723 0 
1861 0.006984 1 
1861 0.011165 0 
1862 0.006685 1 
1862 0.015571 0 
1863 0.008464 1 
1863 0.008531 0 
1864 0.013338 0 
1864 0.013418 1 
1865 0.010242 1 
1865 0.010653 0 
1866 0.009927 1 
1866 0.010004 0 
1867 0.006466 1 
1867 0.010742 0 
1868 0.010144 1 
1868 0.011499 0 
1869 0.010211 0 
1869 0.010289 1 
1870 0.010136 1 
1870 0.010216 0 
1871 0.011006 1 
1871 0.012396 0 
1872 0.010336 1 
1872 0.010402 0 
1873 0.006345 1 
1873 0.009370 0 
1874 0.008160 0 
1874 0.008380 1 
1875 0.006823 1 
1875 0.008748 0 
1876 0.006832 1 
1876 0.009335 0 
1877 0.007807 0 
1877 0.009427 1 
1878 0.008462 1 
1878 0.009668 0 
1879 0.006287 1 
1879 0.013277 0 
1880 0.006328 1 
1880 0.014359 0 
1881 0.006690 1 
1881 0.013144 0 
1882 0.009402 0 
1882 0.010478 1 
1883 0.008594 1 
1883 0.008672 0 
1884 0.010759 1 
1884 0.012455 0 
1885 0.007958 0 
1885 0.009720 1 
1886 0.007185 1 
1886 0.008688 0 
1887 0.008909 0 
1887 0.012318 1 
1888 0.012562 1 
1888 0.012642 0 
1889 0.014711 0 
1889 0.028828 1 
1890 0.013357 1 
1890 0.013432 0 
1891 0.007028 1 
1891 0.010332 0 
1892 0.006256 1 
1892 0.014241 0 
1893 0.009178 0 
1893 0.009258 1 
1894 0.007253 1 
1894 0.013361 0 
1895 0.008020 1 
1895 0.012866 0 
1896 0.008283 0 
1896 0.008371 1 
1897 0.007174 1 
1897 0.012170 0 
1898 0.006355 1 
1898 0.010483 0 
1899 0.006413 1 
1899 0.009757 0 
1900 0.008780 1 
1900 0.009106 0 
1901 0.007220 1 
1901 0.008860 0 
1902 0.008036 1 
1902 0.008295 0 
1903 0.008880 0 
1903 0.012171 1 
1904 0.006349 1 
1904 0.008709 0 
1905 0.006325 1 
1905 0.011740 0 
1906 0.007013 1 
1906 0.015085 0 
1907 0.009048 1 
1907 0.011446 0 
1908 0.011563 1 
1908 0.017328 0 
1909 0.006398 1 
1909 0.007506 0 
1910 0.008661 1 
1910 0.016815 0 
1911 0.008875 1 
1911 0.008933 0 
1912 0.007034 1 
1912 0.008022 0 
1913 0.007514 0 
1913 0.010959 1 
1914 0.006362 1 
1914 0.009215 0 
1915 0.006464 1 
1915 0.008616 0 
1916 0.008990 1 
1916 0.009068 0 
1917 0.007668 1 
1917 0.007714 0 
1918 0.010636 0 
1918 0.013976 1 
1919 0.008072 0 
1919 0.010914 1 
1920 0.009906 0 
1920 0.014320 1 
1921 0.011632 0 
1921 0.012758 1 
1922 0.008377 0 
1922 0.011129 1 
1923 0.009808 0 
1924 0.008641 0 
1923 0.030750 1 
1924 0.020036 1 
1925 0.009111 0 
1925 0.009644 1 
1926 0.008364 1 
1926 0.011521 0 
1927 0.006785 1 
1927 0.008476 0 
1928 0.007646 0 
1928 0.007714 1 
1929 0.006015 1 
1929 0.016032 0 
1930 0.007887 1 
1930 0.014686 0 
1931 0.007674 1 
1931 0.012789 0 
1932 0.007214 1 
1932 0.011251 0 
1933 0.007483 1 
1933 0.009208 0 
1934 0.009446 0 
1934 0.009518 1 
1935 0.006889 1 
1935 0.010832 0 
1936 0.007730 0 
1936 0.007809 1 
1937 0.006538 1 
1937 0.009264 0 
1938 0.008123 1 
1938 0.009999 0 
1939 0.008089 1 
1939 0.015212 0 
1940 0.007083 1 
1940 0.008927 0 
1941 0.006786 1 
1941 0.010437 0 
1942 0.008183 1 
1942 0.008259 0 
1943 0.006459 1 
1943 0.009407 0 
1944 0.007460 1 
1944 0.010259 0 
1945 0.008309 1 
1945 0.010036 0 
1946 0.007269 1 
1946 0.012267 0 
1947 0.006102 1 
1947 0.012867 0 
1948 0.007112 1 
1948 0.010507 0 
1949 0.007566 0 
1949 0.008899 1 
1950 0.007054 1 
1950 0.015178 0 
1951 0.010196 0 
1951 0.010273 1 
1952 0.009970 0 
1952 0.011739 1 
1953 0.007831 1 
1953 0.007909 0 
1954 0.006225 1 
1954 0.008446 0 
1955 0.006263 1 
1955 0.008688 0 
1956 0.010053 1 
1956 0.010131 0 
1957 0.007737 0 
1957 0.012869 1 
1958 0.008230 0 
1959 0.016529 0 
1958 0.035760 1 
1959 0.019556 1 
1960 0.005928 1 
1960 0.008080 0 
1961 0.006752 1 
1961 0.013114 0 
1962 0.006705 1 
1962 0.008057 0 
1963 0.008841 1 
1963 0.008920 0 
1964 0.009689 1 
1964 0.009766 0 
1965 0.008298 1 
1965 0.018182 0 
1966 0.009990 1 
1966 0.010460 0 
1967 0.006352 1 
1967 0.014694 0 
1968 0.006770 1 
1968 0.008897 0 
1969 0.009715 0 
1969 0.009785 1 
1970 0.007445 1 
1970 0.007522 0 
1971 0.007298 1 
1971 0.009375 0 
1972 0.008599 1 
1972 0.014153 0 
1973 0.007270 1 
1973 0.012513 0 
1974 0.011467 0 
1974 0.011546 1 
1975 0.014445 1 
1975 0.014529 0 
1976 0.010118 1 
1976 0.010195 0 
1977 0.009120 0 
1977 0.011453 1 
1978 0.007636 0 
1978 0.009547 1 
1979 0.006466 1 
1979 0.007715 0 
1980 0.008511 1 
1980 0.008796 0 
1981 0.008232 1 
1981 0.014824 0 
1982 0.008722 1 
1982 0.011798 0 
1983 0.009003 0 
1983 0.011707 1 
1984 0.007954 1 
1984 0.009877 0 
1985 0.008136 1 
1985 0.008193 0 
1986 0.007410 1 
1986 0.009029 0 
1987 0.007868 1 
1987 0.010733 0 
1988 0.007714 0 
1988 0.009383 1 
1989 0.006864 1 
1989 0.008585 0 
1990 0.006590 1 
1990 0.008809 0 
1991 0.008780 1 
1991 0.010436 0 
1992 0.006244 1 
1992 0.014411 0 
1993 0.007660 0 
1993 0.008852 1 
1994 0.005940 1 
1994 0.013854 0 
1995 0.013325 1 
1995 0.013396 0 
1996 0.008637 1 
1996 0.009015 0 
1997 0.006103 1 
1997 0.013194 0 
1998 0.009498 1 
1998 0.016331 0 
1999 0.013242 0 
1999 0.021941 1 
2000 0.006673 1 
2000 0.012836 0 
2001 0.006825 1 
2001 0.008504 0 
2002 0.007436 1 
2002 0.008797 0 
2003 0.009206 1 
2003 0.010976 0 
2004 0.009447 1 
2004 0.009526 0 
2005 0.008104 1 
2005 0.010170 0 
2006 0.006164 1 
2006 0.008735 0 
2007 0.008829 1 
2007 0.011987 0 
2008 0.008910 1 
2008 0.010753 0 
2009 0.007908 1 
2009 0.012644 0 
2010 0.009289 1 
2010 0.011918 0 
2011 0.010376 0 
2011 0.010455 1 
2012 0.006721 1 
2012 0.012789 0 
2013 0.006039 1 
2013 0.008448 0 
2014 0.007348 1 
2014 0.008527 0 
2015 0.007276 1 
2015 0.008474 0 
2016 0.006546 1 
2016 0.008861 0 
2017 0.006924 1 
2017 0.010363 0 
2018 0.007584 1 
2018 0.013350 0 
2019 0.006927 1 
2019 0.013876 0 
2020 0.008771 1 
2020 0.008852 0 
2021 0.007981 1 
2021 0.009753 0 
2022 0.008292 0 
2022 0.008441 1 
2023 0.009818 0 
2023 0.011457 1 
2024 0.010494 1 
2024 0.010572 0 
2025 0.011846 1 
2025 0.014649 0 
2026 0.006937 1 
2026 0.011510 0 
2027 0.007507 1 
2027 0.007590 0 
2028 0.007409 1 
2028 0.018338 0 
2029 0.007520 1 
2029 0.010016 0 
2030 0.008502 1 
2030 0.014568 0 
2031 0.007424 1 
2031 0.008374 0 
2032 0.007907 0 
2032 0.020096 1 
2033 0.009892 0 
2034 0.007879 0 
2033 0.031538 1 
2034 0.018979 1 
2035 0.008541 0 
2035 0.010405 1 
2036 0.007542 1 
2036 0.014133 0 
2037 0.006710 1 
2037 0.009740 0 
2038 0.009562 0 
2038 0.011497 1 
2039 0.007807 1 
2039 0.009996 0 
2040 0.006983 1 
2040 0.013857 0 
2041 0.006604 1 
2041 0.012701 0 
2042 0.008941 0 
2042 0.009022 1 
2043 0.006563 1 
2043 0.011075 0 
2044 0.010657 1 
2044 0.019622 0 
2045 0.006130 1 
2045 0.011994 0 
2046 0.006731 1 
2046 0.010032 0 
2047 0.009327 1 
2047 0.013517 0 
2048 0.005918 1 
2048 0.016259 0 
2049 0.009174 0 
2049 0.009248 1 
2050 0.006962 1 
2050 0.008096 0 
2051 0.012417 1 
2051 0.013744 0 
2052 0.008437 0 
2052 0.011394 1 
2053 0.007291 1 
2053 0.011697 0 
2054 0.006083 1 
2054 0.012548 0 
2055 0.006281 1 
2055 0.010883 0 
2056 0.008511 1 
2056 0.010168 0 
2057 0.007575 0 
2057 0.009379 1 
2058 0.008198 0 
2058 0.008273 1 
2059 0.006478 1 
2059 0.009246 0 
2060 0.006186 1 
2060 0.013317 0 
2061 0.006728 1 
2061 0.007992 0 
2062 0.008841 0 
2062 0.011918 1 
2063 0.007189 1 
2063 0.009450 0 
2064 0.006241 1 
2064 0.009043 0 
2065 0.007177 1 
2065 0.009876 0 
2066 0.008319 0 
2066 0.011362 1 
2067 0.008730 0 
2067 0.012093 1 
2068 0.008415 0 
2068 0.015526 1 
2069 0.015757 0 
2069 0.019784 1 
2070 0.008122 1 
2070 0.013182 0 
2071 0.006698 1 
2071 0.014463 0 
2072 0.007362 0 
2072 0.012638 1 
2073 0.007431 1 
2073 0.015941 0 
2074 0.011781 1 
2074 0.011848 0 
2075 0.008687 0 
2075 0.014784 1 
2076 0.011590 1 
2076 0.012830 0 
2077 0.010894 1 
2077 0.017103 0 
2078 0.011308 1 
2078 0.011361 0 
2079 0.007894 1 
2079 0.012028 0 
2080 0.009332 1 
2080 0.013651 0 
2081 0.007752 1 
2081 0.012273 0 
2082 0.007413 1 
2082 0.008399 0 
2083 0.010678 1 
2083 0.014926 0 
2084 0.007714 1 
2084 0.012299 0 
2085 0.006629 0 
2085 0.012358 1 
2086 0.006654 1 
2086 0.008540 0 
2087 0.007242 1 
2087 0.007443 0 
2088 0.006721 1 
2088 0.011076 0 
2089 0.005660 1 
2089 0.008263 0 
2090 0.007145 1 
2090 0.009412 0 
2091 0.007396 1 
2091 0.009422 0 
2092 0.010218 1 
2092 0.014034 0 
2093 0.009846 1 
2093 0.009901 0 
2094 0.010673 0 
2094 0.012692 1 
2095 0.011929 1 
2095 0.011984 0 
2096 0.008192 1 
2096 0.012390 0 
2097 0.010090 1 
2097 0.012610 0 
2098 0.008865 0 
2098 0.008918 1 
2099 0.010595 1 
2099 0.013059 0 
2100 0.009227 1 
2100 0.012145 0 
2101 0.009538 0 
2101 0.009599 1 
2102 0.007974 1 
2102 0.012750 0 
2103 0.009818 1 
2103 0.009897 0 
2104 0.011450 1 
2104 0.012722 0 
2105 0.010290 0 
2105 0.014506 1 
2106 0.016778 0 
2106 0.018109 1 
2107 0.008821 0 
2107 0.010980 1 
2108 0.008362 0 
2108 0.010020 1 
2109 0.007218 1 
2109 0.009004 0 
2110 0.011018 1 
2110 0.016084 0 
2111 0.008513 1 
2111 0.009165 0 
2112 0.008139 1 
2112 0.012389 0 
2113 0.012141 1 
2113 0.012452 0 
2114 0.009578 1 
2114 0.017315 0 
2115 0.007419 1 
2115 0.010184 0 
2116 0.011472 1 
2116 0.014549 0 
2117 0.007704 1 
2117 0.008949 0 
2118 0.011823 1 
2118 0.011885 0 
2119 0.008740 1 
2119 0.012869 0 
2120 0.011678 1 
2120 0.015594 0 
2121 0.014126 1 
2121 0.015636 0 
2122 0.008654 1 
2122 0.012727 0 
2123 0.009446 1 
2123 0.012499 0 
2124 0.009371 1 
2124 0.013308 0 
2125 0.008328 1 
2125 0.014068 0 
2126 0.007337 1 
2126 0.014398 0 
2127 0.008068 0 
2127 0.008165 1 
2128 0.008478 1 
2128 0.009604 0 
2129 0.006423 1 
2129 0.009269 0 
2130 0.008442 0 
2130 0.010009 1 
2131 0.006964 1 
2131 0.014377 0 
2132 0.007692 1 
2132 0.009053 0 
2133 0.007702 1 
2133 0.009110 0 
2134 0.006525 1 
2134 0.011181 0 
2135 0.008636 0 
2135 0.010006 1 
2136 0.008690 1 
2136 0.010273 0 
2137 0.012168 1 
2137 0.013301 0 
2138 0.008677 1 
2138 0.017172 0 
2139 0.009393 1 
2139 0.012306 0 
2140 0.007902 0 
2140 0.011904 1 
2141 0.009230 1 
2141 0.012489 0 
2142 0.008032 1 
2142 0.011246 0 
2143 0.008140 0 
2143 0.010718 1 
2144 0.011626 1 
2144 0.021753 0 
2145 0.014395 0 
2145 0.014764 1 
2146 0.013489 1 
2146 0.013574 0 
2147 0.008873 0 
2147 0.009017 1 
2148 0.009280 0 
2148 0.009446 1 
2149 0.008093 0 
2149 0.009375 1 
2150 0.010850 1 
2150 0.012549 0 
2151 0.007579 1 
2151 0.013492 0 
2152 0.007042 0 
2152 0.008976 1 
2153 0.007020 1 
2153 0.008754 0 
2154 0.006209 1 
2154 0.008190 0 
2155 0.008961 1 
2155 0.011698 0 
2156 0.006494 1 
2156 0.008457 0 
2157 0.008040 1 
2157 0.008135 0 
2158 0.010026 1 
2158 0.013674 0 
2159 0.009639 1 
2159 0.014784 0 
2160 0.008690 1 
2160 0.012284 0 
2161 0.010418 1 
2161 0.013477 0 
2162 0.006855 1 
2162 0.007882 0 
2163 0.006373 1 
2163 0.012748 0 
2164 0.010451 1 
2164 0.011173 0 
2165 0.006865 1 
2165 0.008513 0 
2166 0.010503 1 
2166 0.013132 0 
2167 0.010354 1 
2167 0.011562 0 
2168 0.009951 1 
2168 0.013438 0 
2169 0.006152 1 
2169 0.010600 0 
2170 0.006305 1 
2170 0.010981 0 
2171 0.008693 1 
2171 0.012932 0 
2172 0.010897 1 
2172 0.015565 0 
2173 0.018267 1 
2173 0.018335 0 
2174 0.007771 1 
2174 0.009645 0 
2175 0.009542 0 
2175 0.010837 1 
2176 0.010465 1 
2176 0.013736 0 
2177 0.008733 1 
2177 0.010458 0 
2178 0.008781 1 
2178 0.015039 0 
2179 0.012841 0 
2179 0.014441 1 
2180 0.008738 1 
2180 0.011817 0 
2181 0.008363 1 
2181 0.011456 0 
2182 0.008183 0 
2182 0.010397 1 
2183 0.009466 0 
2183 0.013645 1 
2184 0.008633 1 
2184 0.010470 0 
2185 0.008610 1 
2185 0.010190 0 
2186 0.010636 1 
2186 0.012098 0 
2187 0.007808 0 
2187 0.009305 1 
2188 0.010400 1 
2188 0.013437 0 
2189 0.010538 1 
2189 0.011423 0 
2190 0.010293 1 
2190 0.012576 0 
2191 0.006381 1 
2191 0.012651 0 
2192 0.009531 0 
2192 0.011562 1 
2193 0.009566 1 
2193 0.013754 0 
2194 0.008583 1 
2194 0.010425 0 
2195 0.007886 0 
2195 0.009601 1 
2196 0.011791 1 
2196 0.012987 0 
2197 0.009690 0 
2197 0.009765 1 
2198 0.007955 1 
2198 0.010792 0 
2199 0.008284 0 
2199 0.010605 1 
2200 0.010561 1 
2200 0.012025 0 
2201 0.009216 1 
2201 0.011385 0 
2202 0.009355 1 
2202 0.013631 0 
2203 0.009054 1 
2203 0.012687 0 
2204 0.008913 0 
2204 0.010946 1 
2205 0.010690 1 
2205 0.011895 0 
2206 0.009369 1 
2206 0.013117 0 
2207 0.007346 1 
2207 0.010010 0 
2208 0.007716 1 
2208 0.007792 0 
2209 0.012087 1 
2209 0.012146 0 
2210 0.008956 0 
2210 0.012412 1 
2211 0.013029 0 
2211 0.015977 1 
2212 0.008070 0 
2212 0.008128 1 
2213 0.005884 0 
2213 0.009288 1 
2214 0.008432 1 
2214 0.010995 0 
2215 0.012085 1 
2215 0.013842 0 
2216 0.009974 0 
2217 0.013395 0 
2216 0.034346 1 
2217 0.018517 1 
2218 0.011129 1 
2218 0.012910 0 
2219 0.006794 1 
2219 0.007894 0 
2220 0.009403 0 
2220 0.011164 1 
2221 0.008204 1 
2221 0.015262 0 
2222 0.011058 0 
2222 0.016044 1 
2223 0.008244 1 
2223 0.014313 0 
2224 0.011120 1 
2224 0.013926 0 
2225 0.008324 1 
2225 0.013260 0 
2226 0.011208 1 
2226 0.012430 0 
2227 0.012182 0 
2227 0.013264 1 
2228 0.009011 1 
2228 0.009073 0 
2229 0.008876 1 
2229 0.012574 0 
2230 0.010439 0 
2230 0.010806 1 
2231 0.013943 1 
2231 0.017732 0 
2232 0.008320 1 
2232 0.013227 0 
2233 0.012516 1 
2233 0.015404 0 
2234 0.012511 1 
2234 0.017429 0 
2235 0.012507 0 
2235 0.012644 1 
2236 0.010685 1 
2236 0.015609 0 
2237 0.012506 1 
2237 0.012586 0 
2238 0.007454 0 
2238 0.009559 1 
2239 0.012741 0 
2239 0.013178 1 
2240 0.012327 1 
2240 0.012403 0 
2241 0.010743 1 
2241 0.013813 0 
2242 0.008331 0 
2242 0.008389 1 
2243 0.008784 0 
2243 0.008851 1 
2244 0.009718 1 
2244 0.014222 0 
2245 0.009676 1 
2245 0.015183 0 
2246 0.009905 1 
2246 0.013994 0 
2247 0.007850 0 
2247 0.010916 1 
2248 0.010531 1 
2248 0.012960 0 
2249 0.009130 0 
2249 0.012391 1 
2250 0.009931 1 
2250 0.012241 0 
2251 0.008163 0 
2251 0.008950 1 
2252 0.013567 1 
2252 0.015372 0 
2253 0.015495 0 
2253 0.019287 1 
2254 0.009790 1 
2254 0.012166 0 
2255 0.009668 1 
2255 0.012820 0 
2256 0.008669 1 
2256 0.012117 0 
2257 0.009873 1 
2257 0.011555 0 
2258 0.009835 1 
2258 0.012706 0 
2259 0.011275 1 
2259 0.011332 0 
2260 0.009036 1 
2260 0.010993 0 
2261 0.008969 0 
2261 0.012167 1 
2262 0.008281 1 
2262 0.012543 0 
2263 0.008321 1 
2263 0.009957 0 
2264 0.010962 1 
2264 0.013320 0 
2265 0.009398 0 
2265 0.009455 1 
2266 0.010396 0 
2266 0.012600 1 
2267 0.008545 0 
2267 0.009844 1 
2268 0.008254 1 
2268 0.012192 0 
2269 0.017430 1 
2269 0.017505 0 
2270 0.008449 1 
2270 0.012254 0 
2271 0.010723 1 
2271 0.014272 0 
2272 0.007328 1 
2272 0.009794 0 
2273 0.008811 1 
2273 0.008908 0 
2274 0.008950 0 
2274 0.010364 1 
2275 0.011402 1 
2275 0.013760 0 
2276 0.006480 1 
2276 0.008203 0 
2277 0.007812 1 
2277 0.012441 0 
2278 0.010148 1 
2278 0.012866 0 
2279 0.009034 1 
2279 0.009091 0 
2280 0.008942 1 
2280 0.011378 0 
2281 0.007205 1 
2281 0.009456 0 
2282 0.011714 1 
2282 0.013400 0 
2283 0.008951 0 
2283 0.009008 1 
2284 0.014904 0 
2284 0.014977 1 
2285 0.010854 1 
2285 0.012261 0 
2286 0.010628 1 
2286 0.012287 0 
2287 0.008167 0 
2287 0.019518 1 
2288 0.010759 1 
2288 0.011384 0 
2289 0.012249 1 
2289 0.012547 0 
2290 0.011904 0 
2290 0.014882 1 
2291 0.011344 0 
2291 0.011398 1 
2292 0.012584 0 
2292 0.012696 1 
2293 0.009938 0 
2293 0.011603 1 
2294 0.013014 0 
2294 0.013094 1 
2295 0.012537 1 
2295 0.013999 0 
2296 0.008296 1 
2296 0.013390 0 
2297 0.007679 1 
2297 0.013392 0 
2298 0.007575 1 
2298 0.008821 0 
2299 0.007374 1 
2299 0.009181 0 
2300 0.008342 1 
2300 0.011706 0 
2301 0.011136 1 
2301 0.011258 0 
2302 0.012545 0 
2302 0.012708 1 
2303 0.011553 1 
2303 0.012741 0 
2304 0.009245 0 
2304 0.009321 1 
2305 0.010080 0 
2305 0.010154 1 
2306 0.008150 0 
2306 0.013203 1 
2307 0.014401 1 
2307 0.014462 0 
2308 0.006861 1 
2308 0.013319 0 
2309 0.007866 1 
2309 0.013793 0 
2310 0.009824 1 
2310 0.014752 0 
2311 0.010180 1 
2311 0.013808 0 
2312 0.011410 1 
2312 0.012655 0 
2313 0.009015 0 
2313 0.009185 1 
2314 0.010177 1 
2314 0.016277 0 
2315 0.011545 1 
2315 0.011688 0 
2316 0.008846 0 
2316 0.011843 1 
2317 0.012496 1 
2317 0.012554 0 
2318 0.008158 0 
2318 0.011141 1 
2319 0.011141 1 
2319 0.014921 0 
2320 0.012858 1 
2320 0.012916 0 
2321 0.011538 0 
2321 0.016521 1 
2322 0.013206 1 
2322 0.017553 0 
2323 0.009247 0 
2324 0.009055 0 
2323 0.026841 1 
2324 0.013933 1 
2325 0.006343 1 
2325 0.007489 0 
2326 0.007639 0 
2326 0.007675 1 
2327 0.006219 1 
2327 0.008272 0 
2328 0.006471 0 
2328 0.009048 1 
2329 0.008732 1 
2329 0.010467 0 
2330 0.006889 1 
2330 0.008679 0 
2331 0.008771 0 
2331 0.010180 1 
2332 0.006350 1 
2332 0.008324 0 
2333 0.007784 0 
2333 0.007850 1 
2334 0.009993 1 
2334 0.013250 0 
2335 0.008335 1 
2335 0.009474 0 
2336 0.011251 0 
2336 0.012786 1 
2337 0.009300 1 
2337 0.015225 0 
2338 0.011749 1 
2338 0.015849 0 
2339 0.011465 1 
2339 0.012880 0 
2340 0.008571 0 
2340 0.008655 1 
2341 0.018672 1 
2341 0.018842 0 
2342 0.008310 1 
2342 0.009365 0 
2343 0.007434 0 
2343 0.009376 1 
2344 0.008061 1 
2344 0.011383 0 
2345 0.008137 1 
2345 0.012712 0 
2346 0.009906 1 
2346 0.011567 0 
2347 0.009719 1 
2347 0.013109 0 
2348 0.008101 0 
2348 0.010035 1 
2349 0.009565 1 
2349 0.012974 0 
2350 0.007727 1 
2350 0.011461 0 
2351 0.010227 1 
2351 0.011959 0 
2352 0.011188 0 
2352 0.014958 1 
2353 0.010812 1 
2353 0.013246 0 
2354 0.009982 0 
2354 0.014282 1 
2355 0.012297 0 
2356 0.011729 0 
2355 0.032439 1 
2356 0.018758 1 
2357 0.008322 1 
2357 0.009958 0 
2358 0.013442 0 
2358 0.014924 1 
2359 0.007957 0 
2359 0.009904 1 
2360 0.007913 1 
2360 0.010809 0 
2361 0.006908 0 
2361 0.009202 1 
2362 0.007892 0 
2362 0.010111 1 
2363 0.007468 0 
2363 0.009074 1 
2364 0.007916 0 
2364 0.012570 1 
2365 0.009518 1 
2365 0.011943 0 
2366 0.009940 1 
2366 0.013996 0 
2367 0.008345 1 
2367 0.008468 0 
2368 0.010436 1 
2368 0.010495 0 
2369 0.007537 1 
2369 0.013367 0 
2370 0.008727 1 
2370 0.014242 0 
2371 0.007667 1 
2371 0.009386 0 
2372 0.008094 0 
2372 0.010718 1 
2373 0.010990 1 
2373 0.013603 0 
2374 0.011888 1 
2374 0.011968 0 
2375 0.009926 0 
2375 0.010752 1 
2376 0.008496 1 
2376 0.010293 0 
2377 0.010437 1 
2377 0.013507 0 
2378 0.010280 1 
2378 0.012581 0 
2379 0.009661 1 
2379 0.013214 0 
2380 0.008589 1 
2380 0.011652 0 
2381 0.006811 1 
2381 0.012725 0 
2382 0.011278 1 
2382 0.013243 0 
2383 0.007978 0 
2383 0.010900 1 
2384 0.010149 1 
2384 0.017242 0 
2385 0.007706 0 
2385 0.009434 1 
2386 0.011007 1 
2386 0.011182 0 
2387 0.008952 0 
2387 0.009225 1 
2388 0.008864 1 
2388 0.015265 0 
2389 0.011185 0 
2389 0.014846 1 
2390 0.014517 0 
2390 0.015389 1 
2391 0.011606 0 
2392 0.013517 0 
2391 0.031125 1 
2392 0.017576 1 
2393 0.010338 1 
2393 0.012544 0 
2394 0.008050 1 
2394 0.012140 0 
2395 0.010745 0 
2395 0.012011 1 
2396 0.002866 1 
2396 0.005761 0 
2397 0.008175 0 
2397 0.008396 1 
2398 0.006962 1 
2398 0.012539 0 
2399 0.008679 1 
2399 0.008979 0 
2400 0.010418 1 
2400 0.010684 0 
2401 0.007135 1 
2401 0.010761 0 
2402 0.005667 1 
2402 0.006984 0 
2403 0.006532 1 
2403 0.008485 0 
2404 0.006691 1 
2404 0.007717 0 
2405 0.009444 0 
2405 0.015196 1 
2406 0.006649 1 
2406 0.009764 0 
2407 0.008071 1 
2407 0.008150 0 
2408 0.008480 1 
2408 0.012658 0 
2409 0.010193 1 
2409 0.015735 0 
2410 0.008009 1 
2410 0.013566 0 
2411 0.008987 1 
2411 0.009136 0 
2412 0.008214 0 
2412 0.009186 1 
2413 0.008236 1 
2413 0.012730 0 
2414 0.008380 0 
2414 0.010926 1 
2415 0.006242 1 
2415 0.007165 0 
2416 0.007419 1 
2416 0.008121 0 
2417 0.007279 1 
2417 0.009050 0 
2418 0.009655 1 
2418 0.010933 0 
2419 0.009103 1 
2419 0.013967 0 
2420 0.011070 0 
2420 0.013740 1 
2421 0.007320 1 
2421 0.012508 0 
2422 0.007581 1 
2422 0.010842 0 
2423 0.007227 1 
2423 0.008627 0 
2424 0.008464 1 
2424 0.008542 0 
2425 0.007046 1 
2425 0.008774 0 
2426 0.007589 0 
2426 0.016614 1 
2427 0.010239 1 
2427 0.010306 0 
2428 0.007830 1 
2428 0.014305 0 
2429 0.009349 1 
2429 0.014152 0 
2430 0.009127 0 
2430 0.020656 1 
2431 0.006721 1 
2431 0.006832 0 
2432 0.006166 1 
2432 0.007067 0 
2433 0.006893 1 
2433 0.009312 0 
2434 0.007482 1 
2434 0.015534 0 
2435 0.007203 1 
2435 0.009664 0 
2436 0.006505 0 
2436 0.006575 1 
2437 0.009053 1 
2437 0.015678 0 
2438 0.009824 1 
2438 0.009895 0 
2439 0.010390 0 
2439 0.014122 1 
2440 0.008376 1 
2440 0.012515 0 
2441 0.008887 1 
2441 0.014131 0 
2442 0.010686 0 
2442 0.010776 1 
2443 0.014689 1 
2443 0.014772 0 
2444 0.007390 1 
2444 0.009354 0 
2445 0.008525 0 
2445 0.008933 1 
2446 0.006779 1 
2446 0.008565 0 
2447 0.006324 1 
2447 0.006463 0 
2448 0.009155 1 
2448 0.009233 0 
2449 0.008567 0 
2449 0.008832 1 
2450 0.005637 1 
2450 0.005712 0 
2451 0.006170 1 
2451 0.006257 0 
2452 0.006610 1 
2452 0.006810 0 
2453 0.006541 0 
2453 0.007696 1 
2454 0.008756 1 
2454 0.009591 0 
2455 0.010432 0 
2455 0.010525 1 
2456 0.007429 1 
2456 0.007510 0 
2457 0.005542 1 
2457 0.007805 0 
2458 0.005233 1 
2458 0.009892 0 
2459 0.011144 1 
2459 0.011216 0 
2460 0.007221 0 
2460 0.009010 1 
2461 0.008456 1 
2461 0.009972 0 
2462 0.007050 1 
2462 0.011831 0 
2463 0.008199 0 
2463 0.010946 1 
2464 0.006899 1 
2464 0.012813 0 
2465 0.008755 1 
2465 0.014207 0 
2466 0.006578 1 
2466 0.008816 0 
2467 0.006520 1 
2467 0.009993 0 
2468 0.009998 0 
2468 0.016843 1 
2469 0.008932 0 
2470 0.009179 0 
2469 0.032735 1 
2470 0.017285 1 
2471 0.007030 1 
2471 0.009022 0 
2472 0.007755 1 
2472 0.011308 0 
2473 0.006597 1 
2473 0.009743 0 
2474 0.006314 1 
2474 0.008423 0 
2475 0.007660 1 
2475 0.009672 0 
2476 0.008654 0 
2476 0.010709 1 
2477 0.007638 1 
2477 0.013579 0 
2478 0.010367 0 
2478 0.012083 1 
2479 0.007922 0 
2479 0.008004 1 
2480 0.009521 1 
2480 0.009602 0 
2481 0.012239 1 
2481 0.013998 0 
2482 0.010604 0 
2482 0.010683 1 
2483 0.008787 1 
2483 0.013693 0 
2484 0.008237 1 
2484 0.013454 0 
2485 0.007356 1 
2485 0.007515 0 
2486 0.008330 0 
2486 0.008410 1 
2487 0.007346 1 
2487 0.013903 0 
2488 0.008511 0 
2488 0.012642 1 
2489 0.010119 1 
2489 0.011706 0 
2490 0.007456 1 
2490 0.009335 0 
2491 0.007796 0 
2491 0.010816 1 
2492 0.010362 1 
2492 0.010442 0 
2493 0.006377 1 
2493 0.013286 0 
2494 0.006983 1 
2494 0.008178 0 
2495 0.007994 0 
2495 0.009912 1 
2496 0.008086 0 
2496 0.010091 1 
2497 0.008216 0 
2497 0.008288 1 
2498 0.007663 0 
2498 0.008713 1 
2499 0.007233 1 
2499 0.012610 0 
2500 0.010495 1 
2500 0.015180 0 
2501 0.007397 0 
2501 0.013642 1 
2502 0.008159 0 
2503 0.010019 0 
2502 0.030370 1 
2503 0.017115 1 
2504 0.007564 0 
2504 0.010315 1 
2505 0.009102 1 
2505 0.009177 0 
2506 0.011601 1 
2506 0.011689 0 
2507 0.009151 0 
2507 0.010796 1 
2508 0.008621 0 
2508 0.008700 1 
2509 0.011310 1 
2509 0.011830 0 
2510 0.007027 1 
2510 0.015021 0 
2511 0.008108 1 
2511 0.013293 0 
2512 0.007114 0 
2512 0.007412 1 
2513 0.007627 1 
2513 0.007706 0 
2514 0.007334 1 
2514 0.008436 0 
2515 0.010037 0 
2515 0.010095 1 
2516 0.009802 0 
2516 0.009846 1 
2517 0.007187 1 
2517 0.011549 0 
2518 0.006694 1 
2518 0.013907 0 
2519 0.008348 0 
2519 0.013400 1 
2520 0.008048 1 
2520 0.009871 0 
2521 0.007032 1 
2521 0.008971 0 
2522 0.015798 1 
2522 0.015871 0 
2523 0.010579 0 
2523 0.010659 1 
2524 0.009513 1 
2524 0.009711 0 
2525 0.008407 1 
2525 0.008501 0 
2526 0.010940 1 
2526 0.012699 0 
2527 0.011096 1 
2527 0.011342 0 
2528 0.012549 1 
2528 0.012610 0 
2529 0.008536 0 
2529 0.008832 1 
2530 0.010077 0 
2530 0.010138 1 
2531 0.010607 1 
2531 0.017051 0 
2532 0.012176 1 
2532 0.012226 0 
2533 0.010274 1 
2533 0.013280 0 
2534 0.009195 0 
2534 0.009257 1 
2535 0.009888 1 
2535 0.014397 0 
2536 0.010700 1 
2536 0.013069 0 
2537 0.010730 1 
2537 0.010787 0 
2538 0.014367 1 
2538 0.014419 0 
2539 0.010842 0 
2539 0.019389 1 
2540 0.009973 1 
2540 0.012411 0 
2541 0.006449 1 
2541 0.010479 0 
2542 0.009733 1 
2542 0.015928 0 
2543 0.009037 0 
2543 0.010860 1 
2544 0.009301 1 
2544 0.012997 0 
2545 0.012535 1 
2545 0.014311 0 
2546 0.011781 1 
2546 0.011834 0 
2547 0.008055 1 
2547 0.008282 0 
2548 0.009988 1 
2548 0.012825 0 
2549 0.013892 1 
2549 0.013970 0 
2550 0.009666 1 
2550 0.014631 0 
2551 0.011241 0 
2551 0.011300 1 
2552 0.012571 1 
2552 0.017610 0 
2553 0.010390 1 
2553 0.012189 0 
2554 0.008554 0 
2554 0.009646 1 
2555 0.009972 1 
2555 0.010250 0 
2556 0.008293 0 
2556 0.009158 1 
2557 0.009630 1 
2557 0.013792 0 
2558 0.009485 1 
2558 0.012772 0 
2559 0.009289 1 
2559 0.012385 0 
2560 0.011008 1 
2560 0.013188 0 
2561 0.007962 1 
2561 0.016230 0 
2562 0.015509 1 
2562 0.015652 0 
2563 0.009288 1 
2563 0.011286 0 
2564 0.007093 1 
2564 0.011832 0 
2565 0.008356 0 
2565 0.008430 1 
2566 0.007391 1 
2566 0.013045 0 
2567 0.009010 1 
2567 0.009597 0 
2568 0.007473 0 
2568 0.009951 1 
2569 0.011180 1 
2569 0.014046 0 
2570 0.006441 1 
2570 0.009381 0 
2571 0.006992 1 
2571 0.007072 0 
2572 0.008234 1 
2572 0.008320 0 
2573 0.009018 0 
2573 0.010648 1 
2574 0.009154 0 
2574 0.009219 1 
2575 0.008563 1 
2575 0.009696 0 
2576 0.010106 1 
2576 0.010175 0 
2577 0.008595 1 
2577 0.013193 0 
2578 0.008222 0 
2579 0.011749 0 
2578 0.032515 1 
2579 0.016353 1 
2580 0.007946 1 
2580 0.013067 0 
2581 0.008706 1 
2581 0.008785 0 
2582 0.009372 0 
2582 0.009874 1 
2583 0.009602 0 
2583 0.011967 1 
2584 0.009552 0 
2584 0.009628 1 
2585 0.009033 0 
2585 0.010626 1 
2586 0.008507 0 
2586 0.010999 1 
2587 0.007197 1 
2587 0.008947 0 
2588 0.007068 1 
2588 0.008411 0 
2589 0.008992 1 
2589 0.015103 0 
2590 0.008226 0 
2590 0.010137 1 
2591 0.007603 1 
2591 0.010146 0 
2592 0.007163 1 
2592 0.008888 0 
2593 0.009311 0 
2593 0.009384 1 
2594 0.007292 0 
2594 0.014305 1 
2595 0.006953 1 
2595 0.014181 0 
2596 0.007133 1 
2596 0.009995 0 
2597 0.007015 1 
2597 0.012776 0 
2598 0.009095 1 
2598 0.013084 0 
2599 0.011867 1 
2599 0.011927 0 
2600 0.008316 0 
2600 0.015632 1 
2601 0.008267 0 
2601 0.011233 1 
2602 0.009693 1 
2602 0.012385 0 
2603 0.006879 1 
2603 0.009894 0 
2604 0.020757 1 
2604 0.020839 0 
2605 0.007518 1 
2605 0.008680 0 
2606 0.007171 1 
2606 0.009708 0 
2607 0.007724 0 
2607 0.010131 1 
2608 0.008163 1 
2608 0.016835 0 
2609 0.008217 1 
2609 0.012137 0 
2610 0.008107 1 
2610 0.009838 0 
2611 0.009532 0 
2611 0.009769 1 
2612 0.008026 1 
2612 0.010272 0 
2613 0.010900 0 
2614 0.010569 0 
2613 0.028609 1 
2614 0.013264 1 
2615 0.005800 1 
2615 0.008645 0 
2616 0.006123 1 
2616 0.008457 0 
2617 0.007896 1 
2617 0.014493 0 
2618 0.009277 1 
2618 0.010315 0 
2619 0.008139 0 
2619 0.011889 1 
2620 0.008593 0 
2620 0.008877 1 
2621 0.007036 0 
2621 0.007100 1 
2622 0.007969 1 
2622 0.008131 0 
2623 0.009400 0 
2623 0.011444 1 
2624 0.006770 1 
2624 0.007679 0 
2625 0.008289 1 
2625 0.008370 0 
2626 0.006599 1 
2626 0.009025 0 
2627 0.008631 1 
2627 0.009408 0 
2628 0.007794 1 
2628 0.010991 0 
2629 0.006663 1 
2629 0.009315 0 
2630 0.008239 0 
2630 0.010165 1 
2631 0.007735 1 
2631 0.008750 0 
2632 0.009293 1 
2632 0.009367 0 
2633 0.008708 0 
2633 0.010337 1 
2634 0.007921 1 
2634 0.009701 0 
2635 0.009727 0 
2635 0.012320 1 
2636 0.009880 1 
2636 0.011921 0 
2637 0.007524 0 
2637 0.009293 1 
2638 0.006961 1 
2638 0.008727 0 
2639 0.007411 0 
2639 0.007527 1 
2640 0.009224 1 
2640 0.009315 0 
2641 0.007519 0 
2641 0.009462 1 
2642 0.008957 1 
2642 0.009031 0 
2643 0.008334 1 
2643 0.008425 0 
2644 0.008665 1 
2644 0.016251 0 
2645 0.006738 1 
2645 0.009056 0 
2646 0.006702 1 
2646 0.012359 0 
2647 0.007759 1 
2647 0.019856 0 
2648 0.009535 0 
2649 0.008289 0 
2648 0.025654 1 
2649 0.011560 1 
2650 0.006039 1 
2650 0.007483 0 
2651 0.007182 1 
2651 0.010822 0 
2652 0.008742 1 
2652 0.010719 0 
2653 0.007866 0 
2653 0.010036 1 
2654 0.009332 1 
2654 0.010930 0 
2655 0.007204 1 
2655 0.008820 0 
2656 0.007468 1 
2656 0.007550 0 
2657 0.008159 1 
2657 0.010931 0 
2658 0.009118 0 
2658 0.012361 1 
2659 0.008603 1 
2659 0.012928 0 
2660 0.007534 0 
2660 0.008470 1 
2661 0.007470 1 
2661 0.007562 0 
2662 0.008150 0 
2662 0.008471 1 
2663 0.007815 1 
2663 0.008995 0 
2664 0.007081 0 
2664 0.009967 1 
2665 0.006491 1 
2665 0.009427 0 
2666 0.006749 1 
2666 0.012032 0 
2667 0.007319 0 
2667 0.010871 1 
2668 0.007169 1 
2668 0.012538 0 
2669 0.007257 1 
2669 0.009028 0 
2670 0.010441 0 
2670 0.010692 1 
2671 0.009537 0 
2671 0.009596 1 
2672 0.007583 1 
2672 0.012675 0 
2673 0.007385 0 
2673 0.012126 1 
2674 0.007708 0 
2674 0.010716 1 
2675 0.007087 1 
2675 0.008794 0 
2676 0.008221 0 
2676 0.009898 1 
2677 0.006423 1 
2677 0.012548 0 
2678 0.007578 1 
2678 0.011611 0 
2679 0.006495 1 
2679 0.008361 0 
2680 0.007152 1 
2680 0.009007 0 
2681 0.006118 1 
2681 0.007880 0 
2682 0.008965 1 
2682 0.010649 0 
2683 0.006730 1 
2683 0.012193 0 
2684 0.007085 1 
2684 0.014941 0 
2685 0.007919 0 
2685 0.013588 1 
2686 0.011208 0 
2686 0.011287 1 
2687 0.006104 1 
2687 0.015857 0 
2688 0.006347 1 
2688 0.013500 0 
2689 0.007876 0 
2689 0.011415 1 
2690 0.006356 1 
2690 0.007367 0 
2691 0.009475 0 
2691 0.009545 1 
2692 0.008256 0 
2692 0.009955 1 
2693 0.009678 1 
2693 0.009842 0 
2694 0.008176 0 
2694 0.009705 1 
2695 0.007278 1 
2695 0.012404 0 
2696 0.007890 1 
2696 0.015706 0 
2697 0.006317 1 
2697 0.010700 0 
2698 0.006739 1 
2698 0.008365 0 
2699 0.007909 1 
2699 0.017030 0 
2700 0.006292 1 
2700 0.007234 0 
2701 0.005722 1 
2701 0.012435 0 
2702 0.007174 0 
2702 0.008090 1 
2703 0.009213 0 
2703 0.009302 1 
2704 0.007417 0 
2704 0.009442 1 
2705 0.006567 1 
2705 0.013526 0 
2706 0.006952 1 
2706 0.009539 0 
2707 0.007032 1 
2707 0.009704 0 
2708 0.006565 1 
2708 0.013768 0 
2709 0.008645 0 
2709 0.014151 1 
2710 0.006681 1 
2710 0.008198 0 
2711 0.008342 0 
2711 0.011064 1 
2712 0.010072 1 
2712 0.011947 0 
2713 0.009546 0 
2713 0.014729 1 
2714 0.010375 1 
2714 0.016953 0 
2715 0.007195 0 
2715 0.007241 1 
2716 0.012214 0 
2716 0.020536 1 
2717 0.011737 0 
2717 0.011953 1 
2718 0.008579 1 
2718 0.017898 0 
2719 0.012911 0 
2720 0.011895 0 
2721 0.010911 0 
2719 0.052944 1 
2720 0.037948 1 
2721 0.024106 1 
2722 0.009610 1 
2722 0.009677 0 
2723 0.010037 1 
2723 0.012370 0 
2724 0.011586 0 
2724 0.011640 1 
2725 0.007311 1 
2725 0.009270 0 
2726 0.009331 0 
2726 0.009727 1 
2727 0.010091 1 
2727 0.014537 0 
2728 0.007503 0 
2728 0.010278 1 
2729 0.009076 1 
2729 0.014639 0 
2730 0.009762 1 
2730 0.011487 0 
2731 0.008535 0 
2731 0.009541 1 
2732 0.007885 1 
2732 0.011639 0 
2733 0.007375 1 
2733 0.009222 0 
2734 0.006526 1 
2734 0.008718 0 
2735 0.009227 0 
2735 0.011271 1 
2736 0.009157 1 
2736 0.014496 0 
2737 0.012015 1 
2737 0.014356 0 
2738 0.009936 0 
2738 0.012277 1 
2739 0.009272 1 
2739 0.009354 0 
2740 0.009902 1 
2740 0.012240 0 
2741 0.006742 0 
2741 0.007877 1 
2742 0.012598 1 
2742 0.013893 0 
2743 0.007772 1 
2743 0.009611 0 
2744 0.008888 1 
2744 0.012463 0 
2745 0.009205 0 
2745 0.010857 1 
2746 0.010201 1 
2746 0.014814 0 
2747 0.010806 1 
2747 0.012552 0 
2748 0.007624 0 
2748 0.008678 1 
2749 0.011101 1 
2749 0.013017 0 
2750 0.010255 1 
2750 0.013086 0 
2751 0.009120 1 
2751 0.009235 0 
2752 0.008494 0 
2752 0.010328 1 
2753 0.014764 0 
2753 0.014834 1 
2754 0.009358 1 
2754 0.013981 0 
2755 0.007555 0 
2755 0.007623 1 
2756 0.006814 1 
2756 0.011466 0 
2757 0.007630 0 
2757 0.010095 1 
2758 0.008236 1 
2758 0.009813 0 
2759 0.011714 0 
2759 0.016351 1 
2760 0.012280 1 
2760 0.012345 0 
2761 0.007312 1 
2761 0.009136 0 
2762 0.007412 0 
2762 0.008756 1 
2763 0.007082 1 
2763 0.012577 0 
2764 0.007823 0 
2764 0.011042 1 
2765 0.008784 1 
2765 0.008832 0 
2766 0.009323 1 
2766 0.014264 0 
2767 0.007573 1 
2767 0.012068 0 
2768 0.011593 1 
2768 0.012950 0 
2769 0.011024 1 
2769 0.014477 0 
2770 0.012106 1 
2770 0.016326 0 
2771 0.008949 1 
2771 0.009142 0 
2772 0.010587 1 
2772 0.013360 0 
2773 0.012469 1 
2773 0.012530 0 
2774 0.008703 0 
2774 0.008758 1 
2775 0.009342 1 
2775 0.009422 0 
2776 0.007544 0 
2776 0.010764 1 
2777 0.006691 1 
2777 0.011165 0 
2778 0.008159 1 
2778 0.013589 0 
2779 0.008384 1 
2779 0.010127 0 
2780 0.010302 1 
2780 0.013598 0 
2781 0.008005 1 
2781 0.010472 0 
2782 0.008978 1 
2782 0.011232 0 
2783 0.009848 1 
2783 0.012663 0 
2784 0.006590 1 
2784 0.011417 0 
2785 0.008324 1 
2785 0.011943 0 
2786 0.007904 1 
2786 0.013884 0 
2787 0.007971 0 
2787 0.010974 1 
2788 0.008941 1 
2788 0.012699 0 
2789 0.008574 0 
2789 0.008644 1 
2790 0.006950 0 
2790 0.014383 1 
2791 0.011738 0 
2791 0.011809 1 
2792 0.011107 0 
2793 0.009993 0 
2794 0.009758 0 
2795 0.009205 0 
2796 0.010879 0 
2792 0.078829 1 
2793 0.062568 1 
2794 0.052209 1 
2795 0.036402 1 
2796 0.019804 1 
2797 0.006815 1 
2797 0.012278 0 
2798 0.009486 1 
2798 0.011503 0 
2799 0.010792 1 
2799 0.012608 0 
2800 0.009586 1 
2800 0.015611 0 
2801 0.010233 1 
2801 0.014144 0 
2802 0.011379 1 
2802 0.011429 0 
2803 0.010652 0 
2803 0.010731 1 
2804 0.012942 1 
2804 0.015960 0 
2805 0.007317 0 
2805 0.011137 1 
2806 0.009689 1 
2806 0.014090 0 
2807 0.009895 1 
2807 0.017859 0 
2808 0.006971 1 
2808 0.011760 0 
2809 0.006912 0 
2809 0.009838 1 
2810 0.008499 1 
2810 0.013669 0 
2811 0.007629 1 
2811 0.007687 0 
2812 0.009413 1 
2812 0.009474 0 
2813 0.005928 1 
2813 0.006896 0 
2814 0.006291 1 
2814 0.010649 0 
2815 0.008301 0 
2815 0.011366 1 
2816 0.008848 1 
2816 0.015385 0 
2817 0.009907 1 
2817 0.009961 0 
2818 0.008365 0 
2818 0.009382 1 
2819 0.009339 0 
2819 0.009412 1 
2820 0.007869 1 
2820 0.013086 0 
2821 0.007973 0 
2821 0.011734 1 
2822 0.005713 1 
2822 0.007105 0 
2823 0.006237 0 
2823 0.010163 1 
2824 0.008961 1 
2824 0.012837 0 
2825 0.010349 1 
2825 0.010398 0 
2826 0.011027 0 
2826 0.011493 1 
2827 0.008191 1 
2827 0.012244 0 
2828 0.009906 1 
2828 0.013929 0 
2829 0.007758 0 
2829 0.009575 1 
2830 0.006609 1 
2830 0.009892 0 
2831 0.006202 1 
2831 0.013460 0 
2832 0.008119 0 
2832 0.011505 1 
2833 0.009322 1 
2833 0.011193 0 
2834 0.007435 0 
2834 0.009138 1 
2835 0.010097 1 
2835 0.015725 0 
2836 0.008712 1 
2836 0.008770 0 
2837 0.013341 1 
2837 0.014981 0 
2838 0.007063 0 
2838 0.009755 1 
2839 0.011016 1 
2839 0.014145 0 
2840 0.009574 1 
2840 0.012250 0 
2841 0.009731 1 
2841 0.011031 0 
2842 0.007669 1 
2842 0.009364 0 
2843 0.010221 1 
2843 0.014429 0 
2844 0.007649 1 
2844 0.009374 0 
2845 0.009784 1 
2845 0.013593 0 
2846 0.010149 0 
2846 0.010293 1 
2847 0.008153 0 
2847 0.009247 1 
2848 0.009201 1 
2848 0.013556 0 
2849 0.008844 1 
2849 0.013769 0 
2850 0.007772 1 
2850 0.016320 0 
2851 0.009946 1 
2851 0.010691 0 
2852 0.009445 1 
2852 0.013696 0 
2853 0.007559 1 
2853 0.011773 0 
2854 0.008260 0 
2854 0.011131 1 
2855 0.009399 1 
2855 0.012555 0 
2856 0.008594 1 
2856 0.012382 0 
2857 0.005923 1 
2857 0.008940 0 
2858 0.011084 1 
2858 0.016092 0 
2859 0.009399 1 
2859 0.012587 0 
2860 0.010463 1 
2860 0.012547 0 
2861 0.011282 1 
2861 0.012794 0 
2862 0.009135 0 
2862 0.020740 1 
2863 0.009030 0 
2864 0.013096 0 
2865 0.013431 0 
2866 0.008624 0 
2863 0.072599 1 
2864 0.057710 1 
2865 0.042751 1 
2866 0.026541 1 
2867 0.011770 1 
2867 0.011816 0 
2868 0.010382 1 
2868 0.012055 0 
2869 0.008290 1 
2869 0.012037 0 
2870 0.007811 1 
2870 0.012254 0 
2871 0.008632 0 
2871 0.010688 1 
2872 0.013871 1 
2872 0.013927 0 
2873 0.006748 1 
2873 0.009670 0 
2874 0.009263 1 
2874 0.013168 0 
2875 0.008441 1 
2875 0.008497 0 
2876 0.007731 1 
2876 0.013232 0 
2877 0.006812 0 
2877 0.010214 1 
2878 0.006918 1 
2878 0.011484 0 
2879 0.009418 1 
2879 0.009869 0 
2880 0.005234 0 
2880 0.010543 1 
2881 0.008887 1 
2881 0.009142 0 
2882 0.006740 1 
2882 0.010750 0 
2883 0.006620 0 
2883 0.009067 1 
2884 0.009887 1 
2884 0.011916 0 
2885 0.006571 1 
2885 0.008297 0 
2886 0.009091 1 
2886 0.012857 0 
2887 0.007316 0 
2887 0.009264 1 
2888 0.010013 1 
2888 0.013024 0 
2889 0.009012 1 
2889 0.011332 0 
2890 0.006870 0 
2890 0.009836 1 
2891 0.010542 1 
2891 0.011741 0 
2892 0.010572 0 
2892 0.010634 1 
2893 0.010400 1 
2893 0.011478 0 
2894 0.007558 0 
2894 0.011322 1 
2895 0.011188 1 
2895 0.012816 0 
2896 0.006190 1 
2896 0.008406 0 
2897 0.008481 1 
2897 0.012560 0 
2898 0.010814 1 
2898 0.010888 0 
2899 0.016477 1 
2899 0.016710 0 
2900 0.007837 0 
2900 0.008779 1 
2901 0.008121 0 
2901 0.012706 1 
2902 0.010938 1 
2902 0.012471 0 
2903 0.006835 1 
2903 0.010609 0 
2904 0.007706 0 
2904 0.010134 1 
2905 0.006874 1 
2905 0.011964 0 
2906 0.005353 1 
2906 0.011259 0 
2907 0.007123 0 
2907 0.007177 1 
2908 0.009332 1 
2908 0.010860 0 
2909 0.007859 1 
2909 0.012522 0 
2910 0.005833 1 
2910 0.011688 0 
2911 0.011547 1 
2911 0.011607 0 
2912 0.007430 1 
2912 0.011601 0 
2913 0.007569 0 
2913 0.013188 1 
2914 0.009843 1 
2914 0.013090 0 
2915 0.006940 0 
2915 0.010826 1 
2916 0.008872 1 
2916 0.014358 0 
2917 0.005934 1 
2917 0.010973 0 
2918 0.007220 0 
2918 0.010954 1 
2919 0.010686 1 
2919 0.010744 0 
2920 0.009242 1 
2920 0.010116 0 
2921 0.011570 1 
2921 0.011624 0 
2922 0.010559 1 
2922 0.012759 0 
2923 0.009411 1 
2923 0.015239 0 
2924 0.008908 1 
2924 0.011763 0 
2925 0.011509 1 
2925 0.014724 0 
2926 0.011423 1 
2926 0.012601 0 
2927 0.009795 1 
2927 0.018591 0 
2928 0.008534 1 
2928 0.012272 0 
2929 0.010876 1 
2929 0.011985 0 
2930 0.013347 1 
2930 0.013395 0 
2931 0.010086 1 
2931 0.011764 0 
2932 0.011756 0 
2932 0.015785 1 
2933 0.011806 1 
2933 0.011857 0 
2934 0.010600 0 
2935 0.007920 0 
2934 0.025985 1 
2935 0.020403 1 
2936 0.011360 0 
2936 0.011575 1 
2937 0.008440 1 
2937 0.010161 0 
2938 0.008915 1 
2938 0.008995 0 
2939 0.012436 0 
2940 0.012017 0 
2939 0.042575 1 
2940 0.026350 1 
2941 0.012245 1 
2941 0.012299 0 
2942 0.009977 1 
2942 0.017962 0 
2943 0.010838 0 
2943 0.012844 1 
2944 0.009536 1 
2944 0.012198 0 
2945 0.008365 1 
2945 0.012804 0 
2946 0.008652 0 
2946 0.008818 1 
2947 0.014706 1 
2947 0.015319 0 
2948 0.007454 0 
2948 0.009268 1 
2949 0.010226 1 
2949 0.013804 0 
2950 0.007848 0 
2950 0.010138 1 
2951 0.008987 1 
2951 0.014799 0 
2952 0.007307 1 
2952 0.007545 0 
2953 0.007303 1 
2953 0.007374 0 
2954 0.007710 0 
2954 0.008889 1 
2955 0.006523 1 
2955 0.011079 0 
2956 0.008487 0 
2956 0.008541 1 
2957 0.009670 1 
2957 0.013079 0 
2958 0.010431 1 
2958 0.014478 0 
2959 0.007656 1 
2959 0.009309 0 
2960 0.009984 1 
2960 0.013221 0 
2961 0.009302 1 
2961 0.011023 0 
2962 0.013204 0 
2962 0.014778 1 
2963 0.010314 1 
2963 0.012846 0 
2964 0.009570 1 
2964 0.013424 0 
2965 0.008338 0 
2965 0.010585 1 
2966 0.008821 1 
2966 0.012872 0 
2967 0.008141 1 
2967 0.012470 0 
2968 0.008396 1 
2968 0.013282 0 
2969 0.010996 0 
2969 0.011925 1 
2970 0.007430 1 
2970 0.014187 0 
2971 0.007517 1 
2971 0.011631 0 
2972 0.006484 1 
2972 0.008184 0 
2973 0.007469 0 
2973 0.007503 1 
2974 0.005929 1 
2974 0.007217 0 
2975 0.006456 1 
2975 0.009285 0 
2976 0.005690 1 
2976 0.007768 0 
2977 0.011432 1 
2977 0.013928 0 
2978 0.008009 1 
2978 0.013503 0 
2979 0.009848 1 
2979 0.009955 0 
2980 0.008281 0 
2980 0.010843 1 
2981 0.007492 1 
2981 0.011978 0 
2982 0.007790 1 
2982 0.013034 0 
2983 0.010106 0 
2983 0.010167 1 
2984 0.009556 1 
2984 0.016822 0 
2985 0.009966 0 
2985 0.010015 1 
2986 0.006662 1 
2986 0.009932 0 
2987 0.008306 0 
2987 0.009621 1 
2988 0.011543 1 
2988 0.014112 0 
2989 0.007915 1 
2989 0.010465 0 
2990 0.009698 1 
2990 0.012859 0 
2991 0.010951 1 
2991 0.012751 0 
2992 0.010380 1 
2992 0.013595 0 
2993 0.015030 1 
2993 0.015110 0 
2994 0.009558 1 
2994 0.013776 0 
2995 0.009018 1 
2995 0.012219 0 
2996 0.009137 1 
2996 0.009233 0 
2997 0.009237 1 
2997 0.013485 0 
2998 0.010139 1 
2998 0.013992 0 
2999 0.008429 0 
2999 0.013046 1 
3000 0.009699 0 
3000 0.011356 1 
3001 0.015171 1 
3001 0.015242 0 
3002 0.008719 1 
3002 0.011844 0 
3003 0.009544 1 
3003 0.010800 0 
3004 0.007300 1 
3004 0.009171 0 
3005 0.009408 1 
3005 0.012867 0 
