2024-08-03 15:23:15
../stream-replay/logs/rtt-6205@128.txt
4 0.102298 0 
5 0.085954 0 
6 0.074133 0 
7 0.057696 0 
8 0.041326 0 
9 0.025364 0 
10 0.008661 0 
11 0.006986 0 
12 0.010867 0 
13 0.009264 0 
14 0.005063 0 
15 0.006977 0 
16 0.004696 0 
17 0.007692 0 
18 0.004578 0 
19 0.004737 0 
20 0.004579 0 
21 0.004823 0 
22 0.004961 0 
23 0.004678 0 
24 0.005265 0 
25 0.004795 0 
26 0.004622 0 
27 0.005349 0 
28 0.005563 0 
29 0.005140 0 
30 0.003864 0 
31 0.017116 0 
32 0.004889 0 
33 0.004817 0 
34 0.009874 0 
35 0.017157 0 
36 0.011292 0 
37 0.008560 0 
38 0.009619 0 
39 0.003575 0 
40 0.015945 0 
41 0.010072 0 
42 0.005434 0 
43 0.004920 0 
44 0.004831 0 
45 0.005161 0 
46 0.015895 0 
47 0.005745 0 
48 0.006189 0 
49 0.006751 0 
50 0.005000 0 
51 0.007080 0 
52 0.007122 0 
53 0.009842 0 
54 0.011373 0 
55 0.005144 0 
56 0.005029 0 
57 0.007603 0 
58 0.004817 0 
59 0.011708 0 
60 0.009587 0 
61 0.016771 0 
62 0.011182 0 
63 0.004795 0 
64 0.006604 0 
65 0.018466 0 
66 0.005083 0 
67 0.006849 0 
68 0.005265 0 
69 0.004790 0 
70 0.004609 0 
71 0.004843 0 
72 0.004826 0 
73 0.007187 0 
74 0.005244 0 
75 0.004684 0 
76 0.004911 0 
77 0.005131 0 
78 0.004890 0 
79 0.007550 0 
80 0.005521 0 
81 0.004834 0 
82 0.004867 0 
83 0.004744 0 
84 0.009241 0 
85 0.005348 0 
86 0.005193 0 
87 0.005517 0 
88 0.003560 0 
89 0.005678 0 
90 0.013931 0 
91 0.005476 0 
92 0.003028 0 
93 0.004958 0 
94 0.017435 0 
95 0.019489 0 
96 0.007103 0 
97 0.006613 0 
98 0.005382 0 
99 0.017070 0 
100 0.014263 0 
101 0.004403 0 
102 0.008111 0 
103 0.004999 0 
104 0.004946 0 
105 0.020913 0 
106 0.004812 0 
107 0.005382 0 
108 0.010270 0 
109 0.004772 0 
110 0.005940 0 
111 0.006382 0 
112 0.006843 0 
113 0.010106 0 
114 0.007063 0 
115 0.005261 0 
116 0.008109 0 
117 0.007117 0 
118 0.011959 0 
119 0.009665 0 
120 0.020720 0 
121 0.012878 0 
122 0.005168 0 
123 0.008553 0 
124 0.007579 0 
125 0.004770 0 
126 0.005084 0 
127 0.007211 0 
128 0.005052 0 
129 0.005073 0 
130 0.004914 0 
131 0.004980 0 
132 0.006631 0 
133 0.005007 0 
134 0.005392 0 
135 0.005843 0 
136 0.004632 0 
137 0.007421 0 
138 0.004901 0 
139 0.006606 0 
140 0.009815 0 
141 0.004012 0 
142 0.005173 0 
143 0.005148 0 
144 0.005315 0 
145 0.005233 0 
146 0.005044 0 
147 0.007339 0 
148 0.005855 0 
149 0.021848 0 
150 0.005341 0 
151 0.004753 0 
152 0.007549 0 
153 0.010658 0 
154 0.021371 0 
155 0.009178 0 
156 0.010414 0 
157 0.004687 0 
158 0.029281 0 
159 0.015363 0 
160 0.007549 0 
161 0.005592 0 
162 0.010996 0 
163 0.005152 0 
164 0.015747 0 
165 0.004411 0 
166 0.004995 0 
167 0.008000 0 
168 0.004656 0 
169 0.004848 0 
170 0.004809 0 
171 0.010382 0 
172 0.013940 0 
173 0.004415 0 
174 0.004677 0 
175 0.007728 0 
176 0.005348 0 
177 0.010895 0 
178 0.004431 0 
179 0.018461 0 
180 0.009517 0 
181 0.005749 0 
182 0.012868 0 
183 0.007023 0 
184 0.005107 0 
185 0.005082 0 
186 0.005240 0 
187 0.005208 0 
188 0.007478 0 
189 0.004849 0 
190 0.006192 0 
191 0.004827 0 
192 0.006067 0 
193 0.005107 0 
194 0.005566 0 
195 0.005289 0 
196 0.006685 0 
197 0.005455 0 
198 0.005231 0 
199 0.005416 0 
200 0.007649 0 
201 0.004790 0 
202 0.005029 0 
203 0.005816 0 
204 0.004997 0 
205 0.004604 0 
206 0.005559 0 
207 0.005842 0 
208 0.012596 0 
209 0.004691 0 
210 0.005073 0 
211 0.004920 0 
212 0.015489 0 
213 0.019692 0 
214 0.007826 0 
215 0.011970 0 
216 0.004561 0 
217 0.016127 0 
218 0.010166 0 
219 0.005818 0 
220 0.008114 0 
221 0.006943 0 
222 0.005382 0 
223 0.008629 0 
224 0.004772 0 
225 0.004834 0 
226 0.006648 0 
227 0.004642 0 
228 0.006840 0 
229 0.003633 0 
230 0.008172 0 
231 0.006175 0 
232 0.005175 0 
233 0.005038 0 
234 0.004917 0 
235 0.028687 0 
236 0.011919 0 
237 0.012183 0 
238 0.012278 0 
239 0.016410 0 
240 0.004115 0 
241 0.011108 0 
242 0.011685 0 
243 0.004917 0 
244 0.004826 0 
245 0.007301 0 
246 0.004697 0 
247 0.004782 0 
248 0.005546 0 
249 0.009088 0 
250 0.004974 0 
251 0.004373 0 
252 0.005845 0 
253 0.005178 0 
254 0.005066 0 
255 0.004950 0 
256 0.006741 0 
257 0.004711 0 
258 0.005029 0 
259 0.004854 0 
260 0.006438 0 
261 0.006636 0 
262 0.007573 0 
263 0.004701 0 
264 0.004942 0 
265 0.005165 0 
266 0.007018 0 
267 0.020716 0 
268 0.007322 0 
269 0.004959 0 
270 0.004546 0 
271 0.017379 0 
272 0.012351 0 
273 0.014550 0 
274 0.006346 0 
275 0.005161 0 
276 0.020126 0 
277 0.009629 0 
278 0.004564 0 
279 0.004601 0 
280 0.005393 0 
281 0.005059 0 
282 0.017045 0 
283 0.003922 0 
284 0.004224 0 
285 0.026367 0 
286 0.010204 0 
287 0.004990 0 
288 0.004687 0 
289 0.010228 0 
290 0.010281 0 
291 0.004825 0 
292 0.006462 0 
293 0.006941 0 
294 0.004894 0 
295 0.014184 0 
296 0.013005 0 
297 0.023160 0 
298 0.013376 0 
299 0.006222 0 
300 0.012385 0 
301 0.011332 0 
302 0.004883 0 
303 0.005755 0 
304 0.005759 0 
305 0.005057 0 
306 0.005067 0 
307 0.005369 0 
308 0.005403 0 
309 0.005573 0 
310 0.003357 0 
311 0.004679 0 
312 0.004896 0 
313 0.004585 0 
314 0.005656 0 
315 0.004766 0 
316 0.006169 0 
317 0.004639 0 
318 0.004983 0 
319 0.009814 0 
320 0.004586 0 
321 0.006005 0 
322 0.004048 0 
323 0.006504 0 
324 0.009111 0 
325 0.005122 0 
326 0.011959 0 
327 0.004941 0 
328 0.006082 0 
329 0.006804 0 
330 0.015543 0 
331 0.017140 0 
332 0.008089 0 
333 0.010502 0 
334 0.004665 0 
335 0.015938 0 
336 0.011047 0 
337 0.005253 0 
338 0.004695 0 
339 0.006933 0 
340 0.005055 0 
341 0.018650 0 
342 0.004538 0 
343 0.005929 0 
344 0.011396 0 
345 0.006352 0 
346 0.004730 0 
347 0.009102 0 
348 0.010571 0 
349 0.010307 0 
350 0.005193 0 
351 0.005217 0 
352 0.004936 0 
353 0.007267 0 
354 0.012793 0 
355 0.007893 0 
356 0.021019 0 
357 0.015367 0 
358 0.007923 0 
359 0.013906 0 
360 0.008407 0 
361 0.013541 0 
362 0.004966 0 
363 0.006872 0 
364 0.004980 0 
365 0.005509 0 
366 0.005208 0 
367 0.005620 0 
368 0.005398 0 
369 0.005060 0 
370 0.005275 0 
371 0.005038 0 
372 0.008686 0 
373 0.005504 0 
374 0.006242 0 
375 0.005291 0 
376 0.005392 0 
377 0.005596 0 
378 0.005275 0 
379 0.005288 0 
380 0.005201 0 
381 0.005609 0 
382 0.005343 0 
383 0.007729 0 
384 0.009294 0 
385 0.020046 0 
386 0.003359 0 
387 0.005222 0 
388 0.006416 0 
389 0.010183 0 
390 0.018597 0 
391 0.008394 0 
392 0.006420 0 
393 0.004982 0 
394 0.012756 0 
395 0.015536 0 
396 0.004823 0 
397 0.005236 0 
398 0.005111 0 
399 0.014260 0 
400 0.011188 0 
401 0.008833 0 
402 0.004414 0 
403 0.011280 0 
404 0.005221 0 
405 0.004755 0 
406 0.005699 0 
407 0.009915 0 
408 0.014454 0 
409 0.007844 0 
410 0.007174 0 
411 0.004352 0 
412 0.005959 0 
413 0.011461 0 
414 0.009965 0 
415 0.012057 0 
416 0.016427 0 
417 0.003510 0 
418 0.009670 0 
419 0.011339 0 
420 0.005594 0 
421 0.005421 0 
422 0.006680 0 
423 0.005061 0 
424 0.004790 0 
425 0.006286 0 
426 0.005848 0 
427 0.007927 0 
428 0.004950 0 
429 0.006407 0 
430 0.005254 0 
431 0.007044 0 
432 0.008049 0 
433 0.007063 0 
434 0.006490 0 
435 0.006925 0 
436 0.007277 0 
437 0.005418 0 
438 0.005383 0 
439 0.005543 0 
440 0.005349 0 
441 0.005162 0 
442 0.007392 0 
443 0.005408 0 
444 0.021709 0 
445 0.005345 0 
446 0.007809 0 
447 0.005880 0 
448 0.016299 0 
449 0.012318 0 
450 0.008145 0 
451 0.011286 0 
452 0.007171 0 
453 0.014991 0 
454 0.012260 0 
455 0.004612 0 
456 0.005575 0 
457 0.004655 0 
458 0.005686 0 
459 0.017050 0 
460 0.004499 0 
461 0.005530 0 
462 0.012849 0 
463 0.005170 0 
464 0.004577 0 
465 0.004447 0 
466 0.006286 0 
467 0.010672 0 
468 0.005630 0 
469 0.004986 0 
470 0.007098 0 
471 0.004815 0 
472 0.013754 0 
473 0.011670 0 
474 0.019740 0 
475 0.010863 0 
476 0.004715 0 
477 0.034397 0 
478 0.018279 0 
479 0.005186 0 
480 0.006434 0 
481 0.007344 0 
482 0.007318 0 
483 0.005280 0 
484 0.007023 0 
485 0.006815 0 
486 0.007535 0 
487 0.005393 0 
488 0.007231 0 
489 0.007218 0 
490 0.006753 0 
491 0.010155 0 
492 0.007437 0 
493 0.005227 0 
494 0.005605 0 
495 0.005045 0 
496 0.007586 0 
497 0.005095 0 
498 0.006269 0 
499 0.004490 0 
500 0.004999 0 
501 0.005030 0 
502 0.005296 0 
503 0.020969 0 
504 0.004689 0 
505 0.005335 0 
506 0.005280 0 
507 0.022305 0 
508 0.017459 0 
509 0.009102 0 
510 0.006752 0 
511 0.004719 0 
512 0.017655 0 
513 0.009965 0 
514 0.004436 0 
515 0.005868 0 
516 0.005468 0 
517 0.007213 0 
518 0.015969 0 
519 0.003988 0 
520 0.005257 0 
521 0.008330 0 
522 0.005304 0 
523 0.006428 0 
524 0.004377 0 
525 0.010461 0 
526 0.011766 0 
527 0.004420 0 
528 0.007278 0 
529 0.005905 0 
530 0.005083 0 
531 0.010803 0 
532 0.007392 0 
533 0.021097 0 
534 0.011450 0 
535 0.004844 0 
536 0.007560 0 
537 0.012861 0 
538 0.006976 0 
539 0.005270 0 
540 0.005393 0 
541 0.010831 0 
542 0.006345 0 
543 0.005015 0 
544 0.005276 0 
545 0.006028 0 
546 0.005116 0 
547 0.005268 0 
548 0.003667 0 
549 0.007195 0 
550 0.006805 0 
551 0.005642 0 
552 0.005281 0 
553 0.005580 0 
554 0.005461 0 
555 0.005387 0 
556 0.004842 0 
557 0.004850 0 
558 0.005100 0 
559 0.004832 0 
560 0.005473 0 
561 0.005492 0 
562 0.014385 0 
563 0.004968 0 
564 0.005584 0 
565 0.004704 0 
566 0.009296 0 
567 0.012233 0 
568 0.012334 0 
569 0.015487 0 
570 0.005750 0 
571 0.018959 0 
572 0.015342 0 
573 0.004743 0 
574 0.006736 0 
575 0.005511 0 
576 0.005223 0 
577 0.016469 0 
578 0.003767 0 
579 0.005125 0 
580 0.010390 0 
581 0.003718 0 
582 0.007210 0 
583 0.007226 0 
584 0.008148 0 
585 0.008310 0 
586 0.004677 0 
587 0.007416 0 
588 0.004928 0 
589 0.005480 0 
590 0.011411 0 
591 0.011383 0 
592 0.022238 0 
593 0.012658 0 
594 0.004333 0 
595 0.011367 0 
596 0.015286 0 
597 0.004767 0 
598 0.004947 0 
599 0.007439 0 
600 0.006677 0 
601 0.005128 0 
602 0.004829 0 
603 0.005226 0 
604 0.003200 0 
605 0.004683 0 
606 0.004999 0 
607 0.006495 0 
608 0.004988 0 
609 0.006351 0 
610 0.005363 0 
611 0.005736 0 
612 0.005101 0 
613 0.005122 0 
614 0.005140 0 
615 0.006914 0 
616 0.006402 0 
617 0.005660 0 
618 0.006052 0 
619 0.004758 0 
620 0.005504 0 
621 0.011465 0 
622 0.004334 0 
623 0.010838 0 
624 0.004240 0 
625 0.009292 0 
626 0.012624 0 
627 0.010263 0 
628 0.005560 0 
629 0.006157 0 
630 0.013696 0 
631 0.008799 0 
632 0.004965 0 
633 0.005269 0 
634 0.003088 0 
635 0.004610 0 
636 0.014580 0 
637 0.004090 0 
638 0.004709 0 
639 0.016276 0 
640 0.006094 0 
641 0.014398 0 
642 0.007239 0 
643 0.012720 0 
644 0.012799 0 
645 0.006593 0 
646 0.008200 0 
647 0.005662 0 
648 0.006204 0 
649 0.010554 0 
650 0.006565 0 
651 0.023233 0 
652 0.014127 0 
653 0.004125 0 
654 0.011523 0 
655 0.008200 0 
656 0.007753 0 
657 0.004998 0 
658 0.006663 0 
659 0.006076 0 
660 0.011705 0 
661 0.008783 0 
662 0.005455 0 
663 0.007523 0 
664 0.008160 0 
665 0.009846 0 
666 0.005012 0 
667 0.006920 0 
668 0.006676 0 
669 0.005638 0 
670 0.005070 0 
671 0.005063 0 
672 0.005770 0 
673 0.007221 0 
674 0.005040 0 
675 0.011543 0 
676 0.005223 0 
677 0.005338 0 
678 0.007846 0 
679 0.006308 0 
680 0.017599 0 
681 0.004596 0 
682 0.006429 0 
683 0.005060 0 
684 0.015004 0 
685 0.019001 0 
686 0.009784 0 
687 0.006894 0 
688 0.005213 0 
689 0.016997 0 
690 0.012541 0 
691 0.005570 0 
692 0.009881 0 
693 0.007687 0 
694 0.004214 0 
695 0.017033 0 
696 0.003860 0 
697 0.005325 0 
698 0.006417 0 
699 0.005834 0 
700 0.005129 0 
701 0.006797 0 
702 0.009956 0 
703 0.013354 0 
704 0.004859 0 
705 0.004829 0 
706 0.004578 0 
707 0.004752 0 
708 0.006867 0 
709 0.006654 0 
710 0.020597 0 
711 0.011324 0 
712 0.004298 0 
713 0.006767 0 
714 0.010371 0 
715 0.008355 0 
716 0.005237 0 
717 0.010998 0 
718 0.007753 0 
719 0.010864 0 
720 0.006115 0 
721 0.005153 0 
722 0.010484 0 
723 0.003312 0 
724 0.006948 0 
725 0.007432 0 
726 0.004993 0 
727 0.005374 0 
728 0.008575 0 
729 0.005398 0 
730 0.006578 0 
731 0.008219 0 
732 0.005300 0 
733 0.006298 0 
734 0.005983 0 
735 0.004184 0 
736 0.007254 0 
737 0.005165 0 
738 0.007588 0 
739 0.013312 0 
740 0.004544 0 
741 0.005788 0 
742 0.007800 0 
743 0.023108 0 
744 0.012122 0 
745 0.008579 0 
746 0.011136 0 
747 0.004574 0 
748 0.017709 0 
749 0.013491 0 
750 0.006360 0 
751 0.004699 0 
752 0.004828 0 
753 0.011988 0 
754 0.012959 0 
755 0.006975 0 
756 0.005066 0 
757 0.009993 0 
758 0.004580 0 
759 0.006007 0 
760 0.005182 0 
761 0.012620 0 
762 0.008038 0 
763 0.005519 0 
764 0.006032 0 
765 0.004781 0 
766 0.005645 0 
767 0.012676 0 
768 0.010761 0 
769 0.023278 0 
770 0.012740 0 
771 0.007333 0 
772 0.010202 0 
773 0.011354 0 
774 0.004903 0 
775 0.004865 0 
776 0.007324 0 
777 0.005155 0 
778 0.006782 0 
779 0.005293 0 
780 0.005422 0 
781 0.005314 0 
782 0.008648 0 
783 0.005204 0 
784 0.005120 0 
785 0.003890 0 
786 0.007230 0 
787 0.005333 0 
788 0.005763 0 
789 0.011479 0 
790 0.005010 0 
791 0.004971 0 
792 0.003189 0 
793 0.004852 0 
794 0.006590 0 
795 0.006021 0 
796 0.005401 0 
797 0.006995 0 
798 0.021087 0 
799 0.004946 0 
800 0.005294 0 
801 0.017905 0 
802 0.018310 0 
803 0.013806 0 
804 0.009063 0 
805 0.011753 0 
806 0.004642 0 
807 0.015182 0 
808 0.010460 0 
809 0.006361 0 
810 0.005430 0 
811 0.002811 0 
812 0.005165 0 
813 0.024470 0 
814 0.009551 0 
815 0.005450 0 
816 0.008975 0 
817 0.006200 0 
818 0.003669 0 
819 0.005903 0 
820 0.010148 0 
821 0.009285 0 
822 0.005054 0 
823 0.006200 0 
824 0.006919 0 
825 0.008698 0 
826 0.010869 0 
827 0.010577 0 
828 0.021674 0 
829 0.010610 0 
830 0.004066 0 
831 0.010538 0 
832 0.012500 0 
833 0.004783 0 
834 0.004918 0 
835 0.006666 0 
836 0.005304 0 
837 0.004839 0 
838 0.005442 0 
839 0.007280 0 
840 0.005020 0 
841 0.006517 0 
842 0.007827 0 
843 0.007138 0 
844 0.005332 0 
845 0.005827 0 
846 0.006411 0 
847 0.004755 0 
848 0.005832 0 
849 0.005444 0 
850 0.005002 0 
851 0.005344 0 
852 0.007709 0 
853 0.004779 0 
854 0.007933 0 
855 0.004964 0 
856 0.005961 0 
857 0.021851 0 
858 0.007189 0 
859 0.005277 0 
860 0.004555 0 
861 0.015021 0 
862 0.012062 0 
863 0.012894 0 
864 0.005404 0 
865 0.004336 0 
866 0.009037 0 
867 0.008242 0 
868 0.026329 0 
869 0.009968 0 
870 0.005319 0 
871 0.004709 0 
872 0.020046 0 
873 0.003872 0 
874 0.004834 0 
875 0.011454 0 
876 0.008791 0 
877 0.004848 0 
878 0.006834 0 
879 0.014642 0 
880 0.006954 0 
881 0.005041 0 
882 0.008894 0 
883 0.004158 0 
884 0.005120 0 
885 0.013942 0 
886 0.008440 0 
887 0.019488 0 
888 0.011158 0 
889 0.006010 0 
890 0.006507 0 
891 0.013224 0 
892 0.005152 0 
893 0.006368 0 
894 0.007853 0 
895 0.004625 0 
896 0.008707 0 
897 0.005570 0 
898 0.004733 0 
899 0.006701 0 
900 0.006042 0 
901 0.004782 0 
902 0.005033 0 
903 0.004718 0 
904 0.010649 0 
905 0.004284 0 
906 0.006700 0 
907 0.004909 0 
908 0.009555 0 
909 0.004797 0 
910 0.005193 0 
911 0.006722 0 
912 0.007227 0 
913 0.013558 0 
914 0.004866 0 
915 0.007261 0 
916 0.015666 0 
917 0.004096 0 
918 0.003415 0 
919 0.007365 0 
920 0.008096 0 
921 0.020041 0 
922 0.013627 0 
923 0.005852 0 
924 0.004440 0 
925 0.009513 0 
926 0.015344 0 
927 0.003883 0 
928 0.004900 0 
929 0.005219 0 
930 0.004714 0 
931 0.019436 0 
932 0.004658 0 
933 0.005024 0 
934 0.011471 0 
935 0.005084 0 
936 0.012413 0 
937 0.006293 0 
938 0.008639 0 
939 0.007915 0 
940 0.011886 0 
941 0.005741 0 
942 0.004708 0 
943 0.005148 0 
944 0.014160 0 
945 0.009838 0 
946 0.020444 0 
947 0.011958 0 
948 0.004620 0 
949 0.006857 0 
950 0.006969 0 
951 0.005057 0 
952 0.004762 0 
953 0.005055 0 
954 0.009889 0 
955 0.004863 0 
956 0.007053 0 
957 0.005087 0 
958 0.005498 0 
959 0.006678 0 
960 0.004637 0 
961 0.005444 0 
962 0.004631 0 
963 0.005038 0 
964 0.004914 0 
965 0.008793 0 
966 0.005268 0 
967 0.005514 0 
968 0.009356 0 
969 0.004690 0 
970 0.006074 0 
971 0.004968 0 
972 0.004660 0 
973 0.006759 0 
974 0.005413 0 
975 0.020325 0 
976 0.005546 0 
977 0.006679 0 
978 0.005498 0 
979 0.021517 0 
980 0.019798 0 
981 0.007272 0 
982 0.007460 0 
983 0.004412 0 
984 0.016840 0 
985 0.010516 0 
986 0.005120 0 
987 0.005161 0 
988 0.006558 0 
989 0.007683 0 
990 0.017051 0 
991 0.003879 0 
992 0.004699 0 
993 0.009874 0 
994 0.004921 0 
995 0.006570 0 
996 0.005379 0 
997 0.011298 0 
998 0.019191 0 
999 0.004153 0 
1000 0.004633 0 
1001 0.004862 0 
1002 0.005939 0 
1003 0.012639 0 
1004 0.011689 0 
1005 0.023399 0 
1006 0.014588 0 
1007 0.007535 0 
1008 0.010962 0 
1009 0.021144 0 
1010 0.006056 0 
1011 0.005095 0 
1012 0.004287 0 
1013 0.005076 0 
1014 0.005512 0 
1015 0.004929 0 
1016 0.005081 0 
1017 0.005130 0 
1018 0.005010 0 
1019 0.007868 0 
1020 0.007395 0 
1021 0.007164 0 
1022 0.007008 0 
1023 0.007345 0 
1024 0.004979 0 
1025 0.004994 0 
1026 0.005243 0 
1027 0.005199 0 
1028 0.005262 0 
1029 0.007401 0 
1030 0.005061 0 
1031 0.005140 0 
1032 0.004898 0 
1033 0.006032 0 
1034 0.015559 0 
1035 0.003596 0 
1036 0.004708 0 
1037 0.004386 0 
1038 0.016573 0 
1039 0.012911 0 
1040 0.013854 0 
1041 0.008787 0 
1042 0.016003 0 
1043 0.014945 0 
1044 0.010444 0 
1045 0.004986 0 
1046 0.008838 0 
1047 0.004941 0 
1048 0.007078 0 
1049 0.013182 0 
1050 0.008244 0 
1051 0.005201 0 
1052 0.006999 0 
1053 0.006747 0 
1054 0.005049 0 
1055 0.008262 0 
1056 0.010062 0 
1057 0.011980 0 
1058 0.008521 0 
1059 0.006868 0 
1060 0.007276 0 
1061 0.005029 0 
1062 0.011865 0 
1063 0.007981 0 
1064 0.024429 0 
1065 0.013478 0 
1066 0.003884 0 
1067 0.015521 0 
1068 0.011055 0 
1069 0.007267 0 
1070 0.002615 0 
1071 0.005672 0 
1072 0.004943 0 
1073 0.005086 0 
1074 0.008464 0 
1075 0.008019 0 
1076 0.005743 0 
1077 0.004641 0 
1078 0.005306 0 
1079 0.005248 0 
1080 0.006000 0 
1081 0.006067 0 
1082 0.007417 0 
1083 0.005416 0 
1084 0.005199 0 
1085 0.005455 0 
1086 0.005412 0 
1087 0.006115 0 
1088 0.005659 0 
1089 0.006131 0 
1090 0.005380 0 
1091 0.005821 0 
1092 0.006780 0 
1093 0.020610 0 
1094 0.004389 0 
1095 0.005492 0 
1096 0.004784 0 
1097 0.010120 0 
1098 0.011373 0 
1099 0.011666 0 
1100 0.006020 0 
1101 0.006185 0 
1102 0.016014 0 
1103 0.008819 0 
1104 0.004566 0 
1105 0.007450 0 
1106 0.005256 0 
1107 0.006513 0 
1108 0.019011 0 
1109 0.005946 0 
1110 0.004634 0 
1111 0.011368 0 
1112 0.004647 0 
1113 0.005160 0 
1114 0.005143 0 
1115 0.010291 0 
1116 0.013674 0 
1117 0.004531 0 
1118 0.006211 0 
1119 0.007175 0 
1120 0.016487 0 
1121 0.014078 0 
1122 0.007410 0 
1123 0.011802 0 
1124 0.008818 0 
1125 0.007386 0 
1126 0.012157 0 
1127 0.013278 0 
1128 0.004149 0 
1129 0.007388 0 
1130 0.008657 0 
1131 0.010355 0 
1132 0.005736 0 
1133 0.006561 0 
1134 0.005401 0 
1135 0.003827 0 
1136 0.004763 0 
1137 0.005401 0 
1138 0.007149 0 
1139 0.005977 0 
1140 0.005352 0 
1141 0.006450 0 
1142 0.005394 0 
1143 0.004944 0 
1144 0.005214 0 
1145 0.004786 0 
1146 0.006642 0 
1147 0.007607 0 
1148 0.011074 0 
1149 0.006706 0 
1150 0.005569 0 
1151 0.006004 0 
1152 0.020005 0 
1153 0.005342 0 
1154 0.005006 0 
1155 0.005982 0 
1156 0.014811 0 
1157 0.011112 0 
1158 0.007064 0 
1159 0.009608 0 
1160 0.004903 0 
1161 0.014729 0 
1162 0.010573 0 
1163 0.004651 0 
1164 0.005172 0 
1165 0.004652 0 
1166 0.004864 0 
1167 0.018446 0 
1168 0.003736 0 
1169 0.005378 0 
1170 0.008141 0 
1171 0.005076 0 
1172 0.006532 0 
1173 0.005099 0 
1174 0.009513 0 
1175 0.010954 0 
1176 0.004853 0 
1177 0.004580 0 
1178 0.006891 0 
1179 0.005451 0 
1180 0.011515 0 
1181 0.010951 0 
1182 0.023446 0 
1183 0.010572 0 
1184 0.004644 0 
1185 0.006987 0 
1186 0.012651 0 
1187 0.005863 0 
1188 0.007130 0 
1189 0.005892 0 
1190 0.005369 0 
1191 0.007318 0 
1192 0.005743 0 
1193 0.005287 0 
1194 0.007439 0 
1195 0.005446 0 
1196 0.005642 0 
1197 0.006002 0 
1198 0.006701 0 
1199 0.007266 0 
1200 0.004985 0 
1201 0.007432 0 
1202 0.010128 0 
1203 0.004499 0 
1204 0.006413 0 
1205 0.006622 0 
1206 0.006692 0 
1207 0.006392 0 
1208 0.004476 0 
1209 0.005027 0 
1210 0.007517 0 
1211 0.014497 0 
1212 0.006655 0 
1213 0.005589 0 
1214 0.005960 0 
1215 0.011684 0 
1216 0.011704 0 
1217 0.007682 0 
1218 0.006367 0 
1219 0.004731 0 
1220 0.009102 0 
1221 0.009060 0 
1222 0.004864 0 
1223 0.004169 0 
1224 0.004782 0 
1225 0.005062 0 
1226 0.017968 0 
1227 0.004866 0 
1228 0.006605 0 
1229 0.007615 0 
1230 0.005725 0 
1231 0.005742 0 
1232 0.004819 0 
1233 0.007569 0 
1234 0.006483 0 
1235 0.006520 0 
1236 0.007460 0 
1237 0.004707 0 
1238 0.004735 0 
1239 0.007533 0 
1240 0.009943 0 
1241 0.010963 0 
1242 0.012653 0 
1243 0.005705 0 
1244 0.008754 0 
1245 0.007679 0 
1246 0.006382 0 
1247 0.004977 0 
1248 0.004600 0 
1249 0.004533 0 
1250 0.005933 0 
1251 0.004711 0 
1252 0.004985 0 
1253 0.005335 0 
1254 0.006271 0 
1255 0.011544 0 
1256 0.009781 0 
1257 0.005563 0 
1258 0.006784 0 
1259 0.005646 0 
1260 0.006621 0 
1261 0.005028 0 
1262 0.006831 0 
1263 0.007772 0 
1264 0.004645 0 
1265 0.008081 0 
1266 0.005845 0 
1267 0.008185 0 
1268 0.005283 0 
1269 0.005463 0 
1270 0.021571 0 
1271 0.005144 0 
1272 0.005212 0 
1273 0.003587 0 
1274 0.010265 0 
1275 0.014674 0 
1276 0.006720 0 
1277 0.012057 0 
1278 0.004628 0 
1279 0.016001 0 
1280 0.010553 0 
1281 0.004559 0 
1282 0.004905 0 
1283 0.004937 0 
1284 0.003433 0 
1285 0.016146 0 
1286 0.004185 0 
1287 0.005294 0 
1288 0.013309 0 
1289 0.006851 0 
1290 0.006242 0 
1291 0.004785 0 
1292 0.009934 0 
1293 0.011332 0 
1294 0.007189 0 
1295 0.005386 0 
1296 0.005888 0 
1297 0.004848 0 
1298 0.011347 0 
1299 0.014218 0 
1300 0.019591 0 
1301 0.010600 0 
1302 0.005426 0 
1303 0.011070 0 
1304 0.013234 0 
1305 0.004749 0 
1306 0.006350 0 
1307 0.005175 0 
1308 0.006439 0 
1309 0.004938 0 
1310 0.009436 0 
1311 0.005275 0 
1312 0.004785 0 
1313 0.004994 0 
1314 0.005331 0 
1315 0.004664 0 
1316 0.006541 0 
1317 0.005052 0 
1318 0.005048 0 
1319 0.006715 0 
1320 0.005129 0 
1321 0.009595 0 
1322 0.006036 0 
1323 0.014524 0 
1324 0.010413 0 
1325 0.005437 0 
1326 0.007594 0 
1327 0.007642 0 
1328 0.005702 0 
1329 0.023925 0 
1330 0.007574 0 
1331 0.005043 0 
1332 0.004852 0 
1333 0.017614 0 
1334 0.010812 0 
1335 0.008810 0 
1336 0.010215 0 
1337 0.005109 0 
1338 0.013258 0 
1339 0.008774 0 
1340 0.006083 0 
1341 0.005253 0 
1342 0.007004 0 
1343 0.004678 0 
1344 0.015002 0 
1345 0.005017 0 
1346 0.005405 0 
1347 0.011419 0 
1348 0.006635 0 
1349 0.005521 0 
1350 0.004573 0 
1351 0.010885 0 
1352 0.011007 0 
1353 0.004764 0 
1354 0.006396 0 
1355 0.003371 0 
1356 0.004794 0 
1357 0.011826 0 
1358 0.013509 0 
1359 0.017732 0 
1360 0.028387 0 
1361 0.014321 0 
1362 0.013731 0 
1363 0.009870 0 
1364 0.004831 0 
1365 0.004808 0 
1366 0.006099 0 
1367 0.005023 0 
1368 0.007562 0 
1369 0.005065 0 
1370 0.005175 0 
1371 0.004806 0 
1372 0.004560 0 
1373 0.005909 0 
1374 0.004102 0 
1375 0.004986 0 
1376 0.004273 0 
1377 0.005133 0 
1378 0.004711 0 
1379 0.007058 0 
1380 0.006046 0 
1381 0.004715 0 
1382 0.007152 0 
1383 0.006256 0 
1384 0.004949 0 
1385 0.005207 0 
1386 0.007975 0 
1387 0.007333 0 
1388 0.023120 0 
1389 0.006953 0 
1390 0.005997 0 
1391 0.008237 0 
1392 0.016459 0 
1393 0.018268 0 
1394 0.008972 0 
1395 0.007447 0 
1396 0.005781 0 
1397 0.010671 0 
1398 0.018570 0 
1399 0.007767 0 
1400 0.004465 0 
1401 0.004450 0 
1402 0.004113 0 
1403 0.010427 0 
1404 0.004402 0 
1405 0.004432 0 
1406 0.011878 0 
1407 0.004721 0 
1408 0.005262 0 
1409 0.004827 0 
1410 0.009790 0 
1411 0.010065 0 
1412 0.005196 0 
1413 0.006816 0 
1414 0.004910 0 
1415 0.005166 0 
1416 0.012280 0 
1417 0.008762 0 
1418 0.016139 0 
1419 0.010794 0 
1420 0.004972 0 
1421 0.011226 0 
1422 0.011839 0 
1423 0.004784 0 
1424 0.007500 0 
1425 0.004669 0 
1426 0.006603 0 
1427 0.005302 0 
1428 0.006915 0 
1429 0.004655 0 
1430 0.005371 0 
1431 0.004722 0 
1432 0.004880 0 
1433 0.012511 0 
1434 0.004870 0 
1435 0.005360 0 
1436 0.005192 0 
1437 0.004933 0 
1438 0.004817 0 
1439 0.005413 0 
1440 0.005056 0 
1441 0.005397 0 
1442 0.009276 0 
1443 0.013412 0 
1444 0.007550 0 
1445 0.010642 0 
1446 0.007091 0 
1447 0.013563 0 
1448 0.005469 0 
1449 0.006892 0 
1450 0.005280 0 
1451 0.011341 0 
1452 0.012210 0 
1453 0.008821 0 
1454 0.009915 0 
1455 0.006977 0 
1456 0.016311 0 
1457 0.017352 0 
1458 0.004902 0 
1459 0.008574 0 
1460 0.004806 0 
1461 0.006260 0 
1462 0.011544 0 
1463 0.005598 0 
1464 0.004644 0 
1465 0.010548 0 
1466 0.004662 0 
1467 0.004726 0 
1468 0.004977 0 
1469 0.010418 0 
1470 0.011196 0 
1471 0.004802 0 
1472 0.004680 0 
1473 0.005792 0 
1474 0.004728 0 
1475 0.012728 0 
1476 0.008008 0 
1477 0.023458 0 
1478 0.013961 0 
1479 0.004287 0 
1480 0.010832 0 
1481 0.007364 0 
1482 0.005042 0 
1483 0.005634 0 
1484 0.005483 0 
1485 0.005224 0 
1486 0.006701 0 
1487 0.004539 0 
1488 0.005683 0 
1489 0.006284 0 
1490 0.015633 0 
1491 0.004835 0 
1492 0.004944 0 
1493 0.006870 0 
1494 0.005646 0 
1495 0.005573 0 
1496 0.005146 0 
1497 0.004409 0 
1498 0.006963 0 
1499 0.006206 0 
1500 0.008589 0 
1501 0.005679 0 
1502 0.004941 0 
1503 0.005073 0 
1504 0.004861 0 
1505 0.004942 0 
1506 0.020435 0 
1507 0.004705 0 
1508 0.011995 0 
1509 0.007485 0 
1510 0.021318 0 
1511 0.022704 0 
1512 0.010907 0 
1513 0.011650 0 
1514 0.005093 0 
1515 0.016384 0 
1516 0.008748 0 
1517 0.005609 0 
1518 0.004794 0 
1519 0.008936 0 
1520 0.005326 0 
1521 0.011219 0 
1522 0.004246 0 
1523 0.007303 0 
1524 0.012182 0 
1525 0.004938 0 
1526 0.005366 0 
1527 0.005305 0 
1528 0.010368 0 
1529 0.012167 0 
1530 0.004551 0 
1531 0.006583 0 
1532 0.006873 0 
1533 0.004953 0 
1534 0.011070 0 
1535 0.010158 0 
1536 0.020258 0 
1537 0.009889 0 
1538 0.006311 0 
1539 0.009556 0 
1540 0.011668 0 
1541 0.004412 0 
1542 0.005131 0 
1543 0.004833 0 
1544 0.005120 0 
1545 0.005229 0 
1546 0.005091 0 
1547 0.004677 0 
1548 0.005146 0 
1549 0.005923 0 
1550 0.008492 0 
1551 0.008066 0 
1552 0.012745 0 
1553 0.008006 0 
1554 0.005313 0 
1555 0.005352 0 
1556 0.005697 0 
1557 0.005063 0 
1558 0.009514 0 
1559 0.003223 0 
1560 0.009678 0 
1561 0.006508 0 
1562 0.004853 0 
1563 0.004726 0 
1564 0.003512 0 
1565 0.020473 0 
1566 0.002497 0 
1567 0.005186 0 
1568 0.006494 0 
1569 0.017521 0 
1570 0.018779 0 
1571 0.009308 0 
1572 0.011351 0 
1573 0.004987 0 
1574 0.012475 0 
1575 0.026642 0 
1576 0.010525 0 
1577 0.004951 0 
1578 0.005272 0 
1579 0.006075 0 
1580 0.015715 0 
1581 0.003656 0 
1582 0.005148 0 
1583 0.010705 0 
1584 0.006798 0 
1585 0.004988 0 
1586 0.007957 0 
1587 0.008343 0 
1588 0.010275 0 
1589 0.003359 0 
1590 0.004496 0 
1591 0.004828 0 
1592 0.005426 0 
1593 0.013061 0 
1594 0.010436 0 
1595 0.012630 0 
1596 0.014725 0 
1597 0.004311 0 
1598 0.010713 0 
1599 0.014072 0 
1600 0.004261 0 
1601 0.005189 0 
1602 0.005297 0 
1603 0.009267 0 
1604 0.020745 0 
1605 0.011580 0 
1606 0.005748 0 
1607 0.004715 0 
1608 0.006802 0 
1609 0.004572 0 
1610 0.006089 0 
1611 0.007744 0 
1612 0.007376 0 
1613 0.005380 0 
1614 0.004366 0 
1615 0.004550 0 
1616 0.004639 0 
1617 0.006777 0 
1618 0.004780 0 
1619 0.004822 0 
1620 0.005029 0 
1621 0.006135 0 
1622 0.005145 0 
1623 0.007002 0 
1624 0.019422 0 
1625 0.005383 0 
1626 0.004943 0 
1627 0.004840 0 
1628 0.014491 0 
1629 0.024200 0 
1630 0.008004 0 
1631 0.014669 0 
1632 0.004995 0 
1633 0.017288 0 
1634 0.014544 0 
1635 0.006894 0 
1636 0.007825 0 
1637 0.004829 0 
1638 0.006609 0 
1639 0.008996 0 
1640 0.010347 0 
1641 0.005519 0 
1642 0.011396 0 
1643 0.012025 0 
1644 0.002903 0 
1645 0.004869 0 
1646 0.013136 0 
1647 0.010333 0 
1648 0.006082 0 
1649 0.005059 0 
1650 0.004710 0 
1651 0.004840 0 
1652 0.011593 0 
1653 0.010493 0 
1654 0.022094 0 
1655 0.012969 0 
1656 0.004461 0 
1657 0.011057 0 
1658 0.009836 0 
1659 0.004636 0 
1660 0.005246 0 
1661 0.005070 0 
1662 0.006616 0 
1663 0.005251 0 
1664 0.005284 0 
1665 0.006601 0 
1666 0.004815 0 
1667 0.004548 0 
1668 0.004612 0 
1669 0.004737 0 
1670 0.005284 0 
1671 0.005066 0 
1672 0.005176 0 
1673 0.006197 0 
1674 0.006759 0 
1675 0.012944 0 
1676 0.004454 0 
1677 0.004701 0 
1678 0.006295 0 
1679 0.023525 0 
1680 0.006960 0 
1681 0.005045 0 
1682 0.005225 0 
1683 0.020240 0 
1684 0.003987 0 
1685 0.006104 0 
1686 0.009321 0 
1687 0.016000 0 
1688 0.022196 0 
1689 0.008242 0 
1690 0.012516 0 
1691 0.004999 0 
1692 0.010661 0 
1693 0.008993 0 
1694 0.005108 0 
1695 0.004384 0 
1696 0.004659 0 
1697 0.009105 0 
1698 0.019145 0 
1699 0.003895 0 
1700 0.007019 0 
1701 0.009547 0 
1702 0.005131 0 
1703 0.003556 0 
1704 0.006142 0 
1705 0.009494 0 
1706 0.014352 0 
1707 0.007242 0 
1708 0.006791 0 
1709 0.005534 0 
1710 0.005144 0 
1711 0.009617 0 
1712 0.012314 0 
1713 0.019158 0 
1714 0.009959 0 
1715 0.005459 0 
1716 0.010750 0 
1717 0.010912 0 
1718 0.005374 0 
1719 0.004323 0 
1720 0.004874 0 
1721 0.005089 0 
1722 0.004759 0 
1723 0.005330 0 
1724 0.002629 0 
1725 0.008198 0 
1726 0.004891 0 
1727 0.005512 0 
1728 0.006308 0 
1729 0.005135 0 
1730 0.005384 0 
1731 0.005534 0 
1732 0.004566 0 
1733 0.004601 0 
1734 0.003309 0 
1735 0.007014 0 
1736 0.005053 0 
1737 0.012761 0 
1738 0.004977 0 
1739 0.003726 0 
1740 0.007637 0 
1741 0.007295 0 
1742 0.021673 0 
1743 0.005525 0 
1744 0.007236 0 
1745 0.006294 0 
1746 0.015637 0 
1747 0.020718 0 
1748 0.007450 0 
1749 0.011860 0 
1750 0.004708 0 
1751 0.018444 0 
1752 0.013483 0 
1753 0.005408 0 
1754 0.007121 0 
1755 0.004839 0 
1756 0.004360 0 
1757 0.012666 0 
1758 0.007457 0 
1759 0.004595 0 
1760 0.025064 0 
1761 0.008368 0 
1762 0.008014 0 
1763 0.006462 0 
1764 0.012540 0 
1765 0.010535 0 
1766 0.004787 0 
1767 0.004894 0 
1768 0.004881 0 
1769 0.004801 0 
1770 0.011009 0 
1771 0.009312 0 
1772 0.010904 0 
1773 0.009590 0 
1774 0.004985 0 
1775 0.009365 0 
1776 0.011763 0 
1777 0.002926 0 
1778 0.006760 0 
1779 0.004411 0 
1780 0.004745 0 
1781 0.006527 0 
1782 0.005724 0 
1783 0.006061 0 
1784 0.005262 0 
1785 0.005230 0 
1786 0.004655 0 
1787 0.007809 0 
1788 0.006190 0 
1789 0.005265 0 
1790 0.009484 0 
1791 0.007015 0 
1792 0.004924 0 
1793 0.006943 0 
1794 0.004879 0 
1795 0.003530 0 
1796 0.004916 0 
1797 0.005006 0 
1798 0.004173 0 
1799 0.005079 0 
1800 0.005256 0 
1801 0.021698 0 
1802 0.006585 0 
1803 0.005155 0 
1804 0.008300 0 
1805 0.014825 0 
1806 0.012985 0 
1807 0.007396 0 
1808 0.011326 0 
1809 0.007482 0 
1810 0.016759 0 
1811 0.012576 0 
1812 0.005268 0 
1813 0.005051 0 
1814 0.004785 0 
1815 0.005004 0 
1816 0.014764 0 
1817 0.003973 0 
1818 0.004524 0 
1819 0.005951 0 
1820 0.005136 0 
1821 0.008788 0 
1822 0.008600 0 
1823 0.009692 0 
1824 0.009777 0 
1825 0.004717 0 
1826 0.005305 0 
1827 0.006111 0 
1828 0.013937 0 
1829 0.014729 0 
1830 0.012334 0 
1831 0.011246 0 
1832 0.011190 0 
1833 0.005355 0 
1834 0.012583 0 
1835 0.010439 0 
1836 0.004557 0 
1837 0.005344 0 
1838 0.007428 0 
1839 0.004452 0 
1840 0.006862 0 
1841 0.006953 0 
1842 0.004772 0 
1843 0.004608 0 
1844 0.005253 0 
1845 0.008363 0 
1846 0.006427 0 
1847 0.007994 0 
1848 0.004874 0 
1849 0.004565 0 
1850 0.005115 0 
1851 0.006112 0 
1852 0.005245 0 
1853 0.006152 0 
1854 0.006552 0 
1855 0.004836 0 
1856 0.005334 0 
1857 0.009796 0 
1858 0.005598 0 
1859 0.005615 0 
1860 0.014336 0 
1861 0.005766 0 
1862 0.004901 0 
1863 0.004373 0 
1864 0.015321 0 
1865 0.015187 0 
1866 0.009216 0 
1867 0.010728 0 
1868 0.006719 0 
1869 0.019622 0 
1870 0.014460 0 
1871 0.004278 0 
1872 0.006788 0 
1873 0.005354 0 
1874 0.006449 0 
1875 0.019044 0 
1876 0.007471 0 
1877 0.005630 0 
1878 0.011280 0 
1879 0.006282 0 
1880 0.006696 0 
1881 0.005202 0 
1882 0.009814 0 
1883 0.011331 0 
1884 0.005200 0 
1885 0.005091 0 
1886 0.005936 0 
1887 0.007187 0 
1888 0.011434 0 
1889 0.009027 0 
1890 0.011851 0 
1891 0.009258 0 
1892 0.005385 0 
1893 0.008144 0 
1894 0.011479 0 
1895 0.004783 0 
1896 0.014295 0 
1897 0.008318 0 
1898 0.011035 0 
1899 0.006904 0 
1900 0.006741 0 
1901 0.005896 0 
1902 0.006890 0 
1903 0.004626 0 
1904 0.003574 0 
1905 0.005247 0 
1906 0.005897 0 
1907 0.005252 0 
1908 0.006965 0 
1909 0.005237 0 
1910 0.004853 0 
1911 0.005013 0 
1912 0.007468 0 
1913 0.007035 0 
1914 0.008927 0 
1915 0.005038 0 
1916 0.006732 0 
1917 0.004620 0 
1918 0.005029 0 
1919 0.012835 0 
1920 0.004244 0 
1921 0.006175 0 
1922 0.012326 0 
1923 0.009125 0 
1924 0.019290 0 
1925 0.009949 0 
1926 0.007132 0 
1927 0.004409 0 
1928 0.008959 0 
1929 0.019215 0 
1930 0.004114 0 
1931 0.007543 0 
1932 0.004514 0 
1933 0.005648 0 
1934 0.016895 0 
1935 0.003896 0 
1936 0.004952 0 
1937 0.008459 0 
1938 0.005159 0 
1939 0.006182 0 
1940 0.006700 0 
1941 0.008554 0 
1942 0.011630 0 
1943 0.007413 0 
1944 0.005096 0 
1945 0.005023 0 
1946 0.005262 0 
1947 0.007258 0 
1948 0.006051 0 
1949 0.012519 0 
1950 0.008912 0 
1951 0.004658 0 
1952 0.006466 0 
1953 0.009896 0 
1954 0.004844 0 
1955 0.003214 0 
1956 0.004808 0 
1957 0.004700 0 
1958 0.009399 0 
1959 0.006766 0 
1960 0.010828 0 
1961 0.005259 0 
1962 0.005821 0 
1963 0.004694 0 
1964 0.005183 0 
1965 0.004750 0 
1966 0.004383 0 
1967 0.005094 0 
1968 0.006324 0 
1969 0.005457 0 
1970 0.005073 0 
1971 0.004863 0 
1972 0.006273 0 
1973 0.004546 0 
1974 0.004448 0 
1975 0.005849 0 
1976 0.007299 0 
1977 0.003996 0 
1978 0.018408 0 
1979 0.003414 0 
1980 0.005215 0 
1981 0.004748 0 
1982 0.016327 0 
1983 0.026558 0 
1984 0.013219 0 
1985 0.009391 0 
1986 0.004518 0 
1987 0.018225 0 
1988 0.013933 0 
1989 0.004955 0 
1990 0.007305 0 
1991 0.005309 0 
1992 0.005618 0 
1993 0.015328 0 
1994 0.004724 0 
1995 0.005597 0 
1996 0.012372 0 
1997 0.004648 0 
1998 0.005374 0 
1999 0.006271 0 
2000 0.010579 0 
2001 0.009933 0 
2002 0.006108 0 
2003 0.006818 0 
2004 0.004629 0 
2005 0.006233 0 
2006 0.007990 0 
2007 0.011404 0 
2008 0.012699 0 
2009 0.008522 0 
2010 0.005165 0 
2011 0.011568 0 
2012 0.009808 0 
2013 0.004470 0 
2014 0.004983 0 
2015 0.007078 0 
2016 0.005134 0 
2017 0.006004 0 
2018 0.005972 0 
2019 0.004784 0 
2020 0.004911 0 
2021 0.004594 0 
2022 0.005114 0 
2023 0.007068 0 
2024 0.005177 0 
2025 0.007241 0 
2026 0.006782 0 
2027 0.012284 0 
2028 0.007746 0 
2029 0.008969 0 
2030 0.006076 0 
2031 0.006857 0 
2032 0.006855 0 
2033 0.004773 0 
2034 0.002976 0 
2035 0.006770 0 
2036 0.006668 0 
2037 0.022973 0 
2037 0.023596 1 
2038 0.007391 0 
2039 0.009627 0 
2040 0.004864 0 
2041 0.016138 0 
2041 0.020194 1 
2042 0.006346 1 
2042 0.012116 0 
2043 0.007456 1 
2043 0.013405 0 
2044 0.006436 1 
2044 0.010767 0 
2045 0.006076 0 
2046 0.008729 1 
2046 0.015804 0 
2047 0.005929 1 
2047 0.015145 0 
2048 0.005973 0 
2049 0.006465 0 
2050 0.005233 0 
2051 0.008326 0 
2052 0.017060 0 
2053 0.008940 0 
2052 0.029909 1 
2054 0.005033 0 
2055 0.007210 1 
2055 0.013110 0 
2056 0.005454 0 
2057 0.007080 0 
2058 0.007155 0 
2059 0.013602 0 
2060 0.007215 0 
2061 0.007891 0 
2059 0.043371 1 
2060 0.026981 1 
2062 0.005136 0 
2063 0.007764 0 
2064 0.005433 0 
2065 0.011634 0 
2066 0.013517 0 
2065 0.042996 1 
2066 0.026923 1 
2067 0.010604 1 
2067 0.014873 0 
2068 0.011423 1 
2068 0.020006 0 
2069 0.004852 0 
2070 0.011348 1 
2070 0.013617 0 
2071 0.006981 1 
2071 0.010008 0 
2072 0.005478 0 
2073 0.005635 0 
2074 0.003562 0 
2075 0.004902 0 
2076 0.004872 0 
2077 0.005756 0 
2078 0.006546 0 
2079 0.007552 0 
2080 0.005526 0 
2081 0.004998 0 
2082 0.005106 0 
2083 0.005061 0 
2084 0.004715 0 
2085 0.005457 0 
2086 0.006996 0 
2087 0.005827 0 
2088 0.008309 0 
2089 0.005275 0 
2090 0.004803 0 
2091 0.005379 0 
2092 0.005059 0 
2093 0.008206 0 
2094 0.006050 0 
2095 0.007444 0 
2096 0.022688 0 
2097 0.006485 0 
2098 0.005462 0 
2099 0.003394 0 
2100 0.008749 0 
2101 0.010602 0 
2102 0.007771 0 
2103 0.007854 0 
2104 0.004658 0 
2105 0.013655 0 
2106 0.018024 0 
2107 0.004633 0 
2108 0.004998 0 
2109 0.004783 0 
2110 0.004988 0 
2111 0.018407 0 
2112 0.005429 0 
2113 0.004852 0 
2114 0.010466 0 
2115 0.005563 0 
2116 0.006768 0 
2117 0.009517 0 
2118 0.008910 0 
2119 0.007238 0 
2120 0.006147 0 
2121 0.005689 0 
2122 0.008051 0 
2123 0.006693 0 
2124 0.010159 0 
2125 0.012151 0 
2126 0.011885 0 
2127 0.008386 0 
2128 0.005191 0 
2129 0.008291 0 
2130 0.009791 0 
2131 0.004678 0 
2132 0.005826 0 
2133 0.005158 0 
2134 0.005144 0 
2135 0.007425 0 
2136 0.010003 0 
2137 0.006403 0 
2138 0.005717 0 
2139 0.006793 0 
2140 0.010832 0 
2141 0.006953 0 
2142 0.009926 0 
2143 0.008558 0 
2144 0.007567 0 
2145 0.004917 0 
2146 0.007895 0 
2147 0.008073 0 
2148 0.008771 0 
2149 0.006367 0 
2150 0.005306 0 
2151 0.010239 0 
2152 0.005065 0 
2153 0.004921 0 
2154 0.005723 0 
2155 0.016543 0 
2156 0.003883 0 
2157 0.004686 0 
2158 0.005276 0 
2159 0.011257 0 
2160 0.012195 0 
2161 0.015484 0 
2155 0.117801 1 
2159 0.052572 1 
2160 0.036124 1 
2161 0.019411 1 
2162 0.006147 1 
2162 0.010688 0 
2163 0.005106 0 
2164 0.012603 1 
2164 0.017046 0 
2165 0.006178 1 
2165 0.010160 0 
2166 0.003982 0 
2167 0.004911 0 
2168 0.005565 0 
2169 0.005408 0 
2170 0.023081 0 
2171 0.006833 0 
2170 0.025544 1 
2172 0.006277 0 
2173 0.006574 1 
2173 0.009826 0 
2174 0.004823 0 
2175 0.007440 0 
2176 0.005089 0 
2177 0.011778 0 
2178 0.011557 0 
2177 0.038176 1 
2178 0.022009 1 
2179 0.006471 0 
2180 0.004834 0 
2181 0.005621 0 
2182 0.005758 0 
2183 0.012851 0 
2184 0.011923 0 
2185 0.020721 0 
2183 0.059198 1 
2184 0.042691 1 
2185 0.027386 1 
2186 0.011634 1 
2186 0.011786 0 
2187 0.005022 0 
2188 0.005363 1 
2188 0.010527 0 
2189 0.005579 1 
2189 0.009167 0 
2190 0.004704 0 
2191 0.004444 0 
2192 0.005430 0 
2193 0.004759 0 
2194 0.004503 0 
2195 0.007032 0 
2196 0.004850 0 
2197 0.004991 0 
2198 0.008662 0 
2199 0.008855 0 
2200 0.004961 0 
2201 0.006494 0 
2202 0.005826 0 
2203 0.005489 0 
2204 0.008615 0 
2205 0.008761 0 
2206 0.005075 0 
2207 0.004653 0 
2208 0.005748 0 
2209 0.003114 0 
2210 0.008091 0 
2211 0.004910 0 
2212 0.004894 0 
2213 0.007326 0 
2214 0.023419 1 
2214 0.023477 0 
2215 0.007432 0 
2216 0.004733 0 
2217 0.003210 0 
2218 0.011531 0 
2219 0.011044 0 
2220 0.007379 0 
2221 0.007046 0 
2222 0.004597 0 
2223 0.014954 0 
2224 0.011819 0 
2225 0.005341 0 
2226 0.007411 0 
2227 0.005600 0 
2228 0.006687 0 
2229 0.013419 0 
2230 0.005288 0 
2231 0.005460 0 
2232 0.010943 0 
2233 0.007850 0 
2234 0.006480 0 
2235 0.006240 0 
2236 0.010640 0 
2237 0.011136 0 
2238 0.005303 0 
2239 0.007195 0 
2240 0.005614 0 
2241 0.005554 0 
2242 0.011951 0 
2243 0.011678 0 
2244 0.011751 0 
2245 0.014390 0 
2246 0.004271 0 
2247 0.010323 0 
2248 0.010654 0 
2249 0.004912 0 
2250 0.008132 0 
2251 0.005169 0 
2252 0.006748 0 
2253 0.005103 0 
2254 0.005239 0 
2255 0.006021 0 
2256 0.004614 0 
2257 0.005566 0 
2258 0.006179 0 
2259 0.003251 0 
2260 0.004508 0 
2261 0.006687 0 
2262 0.004889 0 
2263 0.005907 0 
2264 0.005553 0 
2265 0.005425 0 
2266 0.006184 0 
2267 0.005241 0 
2268 0.004677 0 
2269 0.004828 0 
2270 0.010429 0 
2271 0.005311 0 
2272 0.005378 0 
2273 0.022078 0 
2274 0.005663 0 
2275 0.005026 0 
2276 0.005697 0 
2277 0.016554 0 
2278 0.033560 0 
2279 0.017648 0 
2280 0.010876 0 
2281 0.007024 0 
2282 0.021668 0 
2283 0.011884 0 
2284 0.005807 0 
2285 0.007925 0 
2286 0.009719 0 
2287 0.005367 0 
2288 0.015652 0 
2289 0.007361 0 
2290 0.005084 0 
2291 0.013808 0 
2292 0.006675 0 
2293 0.005092 0 
2294 0.007770 0 
2295 0.011191 0 
2296 0.011753 0 
2297 0.006086 0 
2298 0.006274 0 
2299 0.004648 0 
2300 0.005366 0 
2301 0.011056 0 
2302 0.012591 0 
2303 0.012669 0 
2304 0.010530 0 
2305 0.004945 0 
2306 0.012290 0 
2307 0.012674 0 
2308 0.004938 0 
2309 0.005599 0 
2310 0.006049 0 
2311 0.005611 0 
2312 0.004595 0 
2313 0.006392 0 
2314 0.005625 0 
2315 0.010660 0 
2316 0.005303 0 
2317 0.004846 0 
2318 0.004823 0 
2319 0.005076 0 
2320 0.013147 0 
2321 0.007499 0 
2322 0.005277 0 
2323 0.007216 0 
2324 0.008596 0 
2325 0.009920 0 
2326 0.009207 0 
2327 0.004939 0 
2328 0.008138 0 
2329 0.015780 0 
2330 0.004584 0 
2331 0.018181 0 
2332 0.013908 0 
2333 0.005038 0 
2334 0.007421 0 
2335 0.008225 0 
2336 0.008281 0 
2337 0.024191 0 
2338 0.011858 0 
2339 0.006954 0 
2340 0.005143 0 
2341 0.021651 0 
2342 0.013267 0 
2343 0.003653 0 
2344 0.005856 0 
2345 0.007449 0 
2346 0.004797 0 
2347 0.016454 0 
2348 0.005450 0 
2349 0.004972 0 
2350 0.010617 0 
2351 0.004818 0 
2352 0.005191 0 
2347 0.102865 1 
2350 0.053110 1 
2353 0.010189 0 
2354 0.007675 0 
2354 0.009994 1 
2355 0.005230 1 
2355 0.007546 0 
2356 0.006134 0 
2357 0.005435 0 
2358 0.005692 0 
2359 0.009079 0 
2360 0.005188 1 
2360 0.012289 0 
2361 0.006403 0 
2361 0.008070 1 
2362 0.006602 1 
2362 0.017311 0 
2363 0.006379 1 
2363 0.009120 0 
2364 0.009446 0 
2365 0.005893 1 
2365 0.005954 0 
2366 0.008040 1 
2366 0.012522 0 
2367 0.004761 0 
2368 0.003783 0 
2369 0.005617 0 
2370 0.004986 0 
2371 0.005181 0 
2372 0.006890 0 
2373 0.005174 0 
2374 0.007051 0 
2375 0.006211 0 
2376 0.004725 0 
2377 0.006541 0 
2378 0.005148 0 
2379 0.006742 0 
2380 0.005204 0 
2381 0.005474 0 
2382 0.004762 0 
2383 0.005446 0 
2384 0.004795 0 
2385 0.007052 0 
2386 0.005213 0 
2387 0.005059 0 
2388 0.006094 0 
2389 0.004650 0 
2390 0.006978 0 
2391 0.021304 0 
2392 0.004629 0 
2393 0.007922 0 
2394 0.007191 0 
2395 0.019693 0 
2391 0.096272 1 
2395 0.030391 1 
2396 0.013956 1 
2396 0.016397 0 
2397 0.008211 1 
2397 0.008281 0 
2398 0.011228 1 
2398 0.011302 0 
2399 0.006309 0 
2400 0.005289 1 
2400 0.015571 0 
2401 0.005317 1 
2401 0.009432 0 
2402 0.004742 0 
2403 0.004888 0 
2404 0.008029 0 
2405 0.005578 0 
2406 0.017237 0 
2407 0.006154 0 
2408 0.004650 0 
2409 0.006067 0 
2410 0.013862 0 
2411 0.005094 0 
2412 0.005404 0 
2413 0.009963 0 
2414 0.011126 0 
2415 0.003758 0 
2416 0.005092 0 
2417 0.005148 0 
2418 0.009071 0 
2419 0.012065 0 
2420 0.010225 0 
2421 0.012619 0 
2422 0.016495 0 
2423 0.004305 0 
2424 0.010955 0 
2425 0.013749 0 
2426 0.004337 0 
2427 0.005267 0 
2428 0.004992 0 
2429 0.005495 0 
2430 0.004992 0 
2431 0.006876 0 
2432 0.004820 0 
2433 0.004155 0 
2434 0.005298 0 
2435 0.005378 0 
2436 0.005968 0 
2437 0.006873 0 
2438 0.005349 0 
2439 0.004367 0 
2440 0.005978 0 
2441 0.005113 0 
2442 0.006403 0 
2443 0.005239 0 
2444 0.004597 0 
2445 0.005302 0 
2446 0.007846 0 
2447 0.004983 0 
2448 0.004932 0 
2449 0.005921 0 
2450 0.021955 0 
2451 0.005830 0 
2452 0.004977 0 
2453 0.005466 0 
2454 0.016320 0 
2455 0.018233 0 
2456 0.008054 0 
2457 0.013655 0 
2458 0.005177 0 
2459 0.010684 0 
2460 0.009445 0 
2461 0.005896 0 
2462 0.004956 0 
2463 0.004416 0 
2464 0.007272 0 
2465 0.019986 0 
2466 0.010050 0 
2467 0.008919 0 
2468 0.015575 0 
2469 0.004819 0 
2470 0.006124 0 
2468 0.044434 1 
2471 0.004884 0 
2472 0.005918 1 
2472 0.011171 0 
2473 0.004974 1 
2473 0.012367 0 
2474 0.004609 0 
2475 0.006385 0 
2476 0.004369 0 
2477 0.006290 0 
2478 0.009422 0 
2478 0.024183 1 
2479 0.007454 1 
2479 0.010775 0 
2480 0.008174 1 
2480 0.015060 0 
2481 0.005007 1 
2481 0.010248 0 
2482 0.005021 0 
2483 0.005058 1 
2483 0.012878 0 
2484 0.007954 1 
2484 0.011556 0 
2485 0.004744 0 
2486 0.005129 0 
2487 0.003576 0 
2488 0.006695 0 
2489 0.005317 0 
2490 0.006246 0 
2491 0.006358 0 
2492 0.004894 0 
2493 0.004558 0 
2494 0.005060 0 
2495 0.006117 0 
2496 0.007293 0 
2497 0.005875 0 
2498 0.006729 0 
2499 0.005790 0 
2500 0.003026 0 
2501 0.004409 0 
2502 0.004645 0 
2503 0.004502 0 
2504 0.004976 0 
2505 0.005663 0 
2506 0.007021 0 
2507 0.004559 0 
2508 0.005139 0 
2509 0.015560 1 
2509 0.021322 0 
2510 0.005824 0 
2511 0.006928 0 
2512 0.005409 0 
2513 0.017410 0 
2514 0.017824 0 
2515 0.013917 0 
2513 0.047164 1 
2514 0.030926 1 
2515 0.014389 1 
2516 0.005451 1 
2516 0.008351 0 
2517 0.009557 0 
2518 0.006720 1 
2518 0.016155 0 
2519 0.007204 1 
2519 0.013029 0 
2520 0.005218 0 
2521 0.004784 0 
2522 0.006480 0 
2523 0.004719 0 
2524 0.018398 0 
2525 0.003366 0 
2524 0.038557 1 
2526 0.008905 0 
2527 0.007130 1 
2527 0.011413 0 
2528 0.009200 0 
2529 0.005820 0 
2530 0.004445 0 
2531 0.012407 0 
2532 0.008548 0 
2533 0.006345 0 
2534 0.004837 0 
2535 0.012589 0 
2536 0.005173 0 
2537 0.010688 0 
2538 0.008156 0 
2539 0.011049 0 
2540 0.016753 0 
2541 0.003693 0 
2542 0.011722 0 
2543 0.008739 0 
2544 0.003895 0 
2545 0.005626 0 
2546 0.004689 0 
2547 0.006762 0 
2548 0.004963 0 
2549 0.006665 0 
2550 0.008237 0 
2551 0.005028 0 
2552 0.005617 0 
2553 0.007401 0 
2554 0.005858 0 
2555 0.007090 0 
2556 0.007082 0 
2557 0.005309 0 
2558 0.005119 0 
2559 0.005033 0 
2560 0.005134 0 
2561 0.005650 0 
2562 0.005080 0 
2563 0.005900 0 
2564 0.006869 0 
2565 0.005010 0 
2566 0.004949 0 
2567 0.005601 0 
2568 0.017518 0 
2569 0.003658 0 
2570 0.013788 0 
2571 0.005958 0 
2572 0.016335 0 
2573 0.013032 0 
2574 0.006364 0 
2575 0.010127 0 
2576 0.005768 0 
2577 0.011613 0 
2578 0.008612 0 
2579 0.004854 0 
2580 0.008823 0 
2581 0.003942 0 
2582 0.006532 0 
2583 0.014055 0 
2584 0.007949 0 
2585 0.006648 0 
2586 0.012713 0 
2587 0.004745 0 
2588 0.004516 0 
2589 0.005423 0 
2590 0.016003 0 
2591 0.010009 0 
2592 0.004603 0 
2593 0.005150 0 
2594 0.003696 0 
2595 0.005736 0 
2596 0.011823 0 
2597 0.010826 0 
2598 0.015138 0 
2599 0.009098 0 
2600 0.006671 0 
2601 0.010326 0 
2602 0.011544 0 
2603 0.004911 0 
2604 0.008012 0 
2605 0.006781 0 
2606 0.005389 0 
2607 0.004658 0 
2608 0.004803 0 
2609 0.005184 0 
2610 0.006890 0 
2611 0.005467 0 
2612 0.009009 0 
2613 0.005179 0 
2614 0.005011 0 
2615 0.005384 0 
2616 0.005270 0 
2617 0.004902 0 
2618 0.004707 0 
2619 0.004463 0 
2620 0.005160 0 
2621 0.004636 0 
2622 0.004481 0 
2623 0.004517 0 
2624 0.004780 0 
2625 0.005393 0 
2626 0.005436 0 
2627 0.018420 0 
2628 0.003390 0 
2629 0.004792 0 
2630 0.004633 0 
2631 0.009210 0 
2632 0.021452 0 
2633 0.008419 0 
2634 0.009341 0 
2635 0.007179 0 
2636 0.021714 0 
2637 0.013427 0 
2638 0.004412 0 
2639 0.004630 0 
2640 0.006137 0 
2641 0.004564 0 
2642 0.009311 0 
2643 0.004433 0 
2644 0.003690 0 
2645 0.009275 0 
2646 0.005759 0 
2647 0.005353 0 
2648 0.005098 0 
2649 0.019523 0 
2650 0.009923 0 
2651 0.009717 0 
2652 0.005474 0 
2653 0.005143 0 
2654 0.004783 0 
2655 0.008877 0 
2656 0.012397 0 
2657 0.019505 0 
2658 0.010745 0 
2659 0.004195 0 
2660 0.010848 0 
2661 0.010426 0 
2655 0.121270 1 
2656 0.104917 1 
2657 0.088091 1 
2662 0.006444 0 
2658 0.072061 1 
2660 0.039302 1 
2661 0.025187 1 
2663 0.006558 0 
2664 0.004897 0 
2665 0.005933 0 
2666 0.005169 0 
2667 0.008583 0 
2668 0.005189 0 
2669 0.005181 0 
2670 0.004695 0 
2671 0.004984 0 
2672 0.004975 0 
2673 0.005552 0 
2674 0.006501 0 
2675 0.004892 0 
2676 0.004619 0 
2677 0.004734 0 
2678 0.005290 0 
2679 0.005476 0 
2680 0.005508 0 
2681 0.004540 0 
2682 0.006435 0 
2683 0.005528 0 
2684 0.005128 0 
2685 0.005869 0 
2686 0.017185 0 
2687 0.004278 0 
2688 0.004874 0 
2689 0.011817 0 
2686 0.066406 1 
2690 0.020696 0 
2690 0.030834 1 
2691 0.014416 1 
2691 0.014451 0 
2692 0.011008 1 
2692 0.011124 0 
2693 0.006816 1 
2693 0.011285 0 
2694 0.006491 0 
2695 0.005420 1 
2695 0.012542 0 
2696 0.009150 0 
2696 0.012405 1 
2697 0.004953 0 
2698 0.004883 0 
2699 0.005281 0 
2700 0.005086 0 
2701 0.012109 1 
2701 0.018660 0 
2702 0.005267 0 
2703 0.004782 0 
2704 0.010175 1 
2704 0.011937 0 
2705 0.006553 0 
2706 0.005356 0 
2707 0.008812 0 
2708 0.012406 0 
2709 0.009930 0 
2710 0.004933 0 
2708 0.054944 1 
2709 0.039214 1 
2711 0.006182 0 
2712 0.007327 0 
2713 0.005634 0 
2714 0.009117 0 
2715 0.008139 0 
2716 0.019165 0 
2717 0.008735 0 
2718 0.005303 0 
2719 0.008415 0 
2720 0.010275 0 
2721 0.006260 0 
2722 0.006821 0 
2723 0.005780 0 
2724 0.004643 0 
2725 0.005616 0 
2726 0.005075 0 
2727 0.009155 0 
2728 0.005154 0 
2729 0.005323 0 
2730 0.005379 0 
2731 0.008096 0 
2732 0.009681 0 
2733 0.004856 0 
2734 0.003419 0 
2735 0.008509 0 
2736 0.005783 0 
2737 0.005949 0 
2738 0.008862 0 
2739 0.006682 0 
2740 0.006743 0 
2741 0.004912 0 
2742 0.007273 0 
2743 0.005059 0 
2744 0.008795 0 
2745 0.013428 0 
2746 0.008409 0 
2747 0.007759 0 
2748 0.007015 0 
2749 0.017774 0 
2750 0.017617 0 
2751 0.010417 0 
2752 0.013772 0 
2753 0.004732 0 
2754 0.011204 0 
2755 0.008628 0 
2756 0.005122 0 
2757 0.006602 0 
2758 0.005264 0 
2759 0.006575 0 
2760 0.015777 0 
2761 0.003872 0 
2762 0.007257 0 
2763 0.014549 0 
2764 0.006453 0 
2765 0.006652 0 
2766 0.005184 0 
2767 0.009506 0 
2768 0.010463 0 
2769 0.005516 0 
2770 0.007993 0 
2771 0.006539 0 
2772 0.004751 0 
2773 0.011852 0 
2774 0.012429 0 
2775 0.023804 0 
2776 0.011978 0 
2777 0.006587 0 
2778 0.012285 0 
2779 0.010794 0 
2780 0.007797 0 
2781 0.007307 0 
2782 0.005017 0 
2783 0.007386 0 
2784 0.009897 0 
2785 0.005990 0 
2786 0.005097 0 
2787 0.005270 0 
2788 0.016216 0 
2789 0.008394 0 
2790 0.007255 0 
2791 0.009984 0 
2792 0.004970 0 
2793 0.005138 0 
2794 0.005009 0 
2795 0.005332 0 
2796 0.005065 0 
2797 0.004881 0 
2798 0.004690 0 
2799 0.004671 0 
2800 0.004668 0 
2801 0.009119 0 
2802 0.010123 0 
2803 0.005878 0 
2804 0.020280 0 
2805 0.005753 0 
2806 0.005580 0 
2807 0.005763 0 
2808 0.011891 0 
2809 0.011122 0 
2810 0.008383 0 
2811 0.013377 0 
2812 0.004420 0 
2813 0.008411 0 
2814 0.008927 0 
2815 0.005613 0 
2816 0.005681 0 
2817 0.005293 0 
2818 0.005075 0 
2819 0.016400 0 
2820 0.004349 0 
2821 0.004136 0 
2822 0.012205 0 
2823 0.004631 0 
2824 0.004375 0 
2825 0.004546 0 
2826 0.012882 0 
2827 0.008427 0 
2828 0.005013 0 
2829 0.007931 0 
2830 0.005159 0 
2831 0.009483 0 
2832 0.013850 0 
2833 0.012304 0 
2834 0.018998 0 
2835 0.009986 0 
2836 0.004822 0 
2837 0.010851 0 
2838 0.008321 0 
2839 0.004426 0 
2840 0.008141 0 
2841 0.004537 0 
2842 0.010732 0 
2843 0.007085 0 
2844 0.005033 0 
2845 0.004940 0 
2846 0.004168 0 
2847 0.006983 0 
2848 0.005042 0 
2849 0.004891 0 
2850 0.007706 0 
2851 0.005071 0 
2852 0.005173 0 
2853 0.005945 0 
2854 0.006694 0 
2855 0.004531 0 
2856 0.005652 0 
2857 0.003589 0 
2858 0.006442 0 
2859 0.004748 0 
2860 0.004543 0 
2861 0.004400 0 
2862 0.006004 0 
2863 0.019158 0 
2864 0.004299 0 
2863 0.037732 1 
2865 0.004821 0 
2866 0.005833 0 
2867 0.014403 1 
2867 0.016371 0 
2868 0.006556 1 
2868 0.014166 0 
2869 0.011004 1 
2869 0.011213 0 
2870 0.005055 1 
2870 0.012626 0 
2871 0.004595 0 
2872 0.007624 1 
2872 0.019432 0 
2873 0.009876 1 
2873 0.011144 0 
2874 0.007632 0 
2875 0.004848 0 
2876 0.006405 0 
2877 0.004892 0 
2878 0.016860 0 
2879 0.007614 0 
2878 0.029470 1 
2880 0.008753 0 
2881 0.006522 1 
2881 0.008255 0 
2882 0.005148 0 
2883 0.007307 0 
2884 0.006717 0 
2885 0.008704 0 
2886 0.010017 0 
2887 0.005880 0 
2885 0.043372 1 
2886 0.027134 1 
2888 0.005214 0 
2889 0.007276 0 
2890 0.014533 0 
2891 0.009911 0 
2892 0.006589 0 
2893 0.017585 0 
2894 0.009461 0 
2895 0.004665 0 
2891 0.087185 1 
2892 0.070420 1 
2893 0.053841 1 
2894 0.037413 1 
2896 0.007346 1 
2896 0.011615 0 
2897 0.009942 1 
2897 0.011443 0 
2898 0.006102 0 
2899 0.005136 0 
2900 0.005246 0 
2901 0.004735 0 
2902 0.005856 0 
2903 0.008751 0 
2904 0.006206 0 
2905 0.005663 0 
2906 0.006814 0 
2907 0.005118 0 
2908 0.010320 0 
2909 0.005331 0 
2910 0.004879 0 
2911 0.004524 0 
2912 0.005100 0 
2913 0.003882 0 
2914 0.004257 0 
2915 0.004230 0 
2916 0.004438 0 
2917 0.006977 0 
2918 0.005162 0 
2919 0.004920 0 
2920 0.009629 0 
2921 0.005919 0 
2922 0.010902 0 
2923 0.005005 0 
2924 0.004632 0 
2925 0.004761 0 
2926 0.014796 0 
2927 0.013381 0 
2928 0.007205 0 
2929 0.006839 0 
2930 0.004548 0 
2931 0.022417 0 
2932 0.008936 0 
2933 0.004534 0 
2934 0.005943 0 
2935 0.005713 0 
2936 0.004738 0 
2937 0.014864 0 
2938 0.003716 0 
2939 0.004760 0 
2940 0.010738 0 
2941 0.004758 0 
2942 0.007272 0 
2943 0.005989 0 
2944 0.009449 0 
2945 0.007231 0 
2946 0.004825 0 
2947 0.003471 0 
2948 0.004704 0 
2949 0.004764 0 
2950 0.012964 0 
2951 0.007412 0 
2952 0.013589 0 
2953 0.009636 0 
2954 0.004695 0 
2955 0.008548 0 
2956 0.012200 0 
2957 0.006016 0 
2958 0.005120 0 
2959 0.007212 0 
2960 0.005053 0 
2961 0.007082 0 
2962 0.005149 0 
2963 0.015069 0 
2964 0.007066 0 
2965 0.011185 0 
2966 0.007181 0 
2967 0.004818 0 
2968 0.007024 0 
2969 0.004845 0 
2970 0.004674 0 
2971 0.006219 0 
2972 0.006869 0 
2973 0.004583 0 
2974 0.007804 0 
2975 0.007494 0 
2976 0.005363 0 
2977 0.005470 0 
2978 0.005548 0 
2979 0.005120 0 
2980 0.005028 0 
2981 0.012785 1 
2981 0.021127 0 
2982 0.004920 0 
2983 0.007156 0 
2984 0.007820 0 
2985 0.013874 0 
2985 0.017192 1 
2986 0.006804 1 
2986 0.019889 0 
2987 0.004973 1 
2987 0.008805 0 
2988 0.008020 1 
2988 0.008084 0 
2989 0.006430 0 
2990 0.009459 1 
2990 0.009527 0 
2991 0.009993 1 
2991 0.017052 0 
2992 0.005893 0 
2993 0.006957 0 
2994 0.004658 0 
2995 0.006137 0 
2996 0.018464 0 
2997 0.006120 0 
2996 0.041566 1 
2998 0.008747 0 
2999 0.005095 1 
2999 0.013394 0 
3000 0.006616 0 
3001 0.004784 0 
3002 0.007255 0 
3003 0.011066 0 
3004 0.017886 0 
3005 0.008411 0 
3003 0.041461 1 
3004 0.025169 1 
