2024-08-03 15:14:09
../stream-replay/logs/rtt-6205@128.txt
1 0.124389 0 
4 0.080555 0 
5 0.066512 0 
6 0.055638 0 
7 0.039297 0 
8 0.030606 0 
9 0.014382 0 
10 0.013464 0 
11 0.017373 0 
12 0.009763 0 
13 0.013236 0 
14 0.012894 0 
15 0.014486 0 
16 0.007810 0 
17 0.012650 0 
18 0.007962 0 
19 0.008451 0 
20 0.008067 0 
21 0.009117 0 
22 0.009563 0 
23 0.009588 0 
24 0.008700 0 
25 0.010844 0 
26 0.009205 0 
27 0.011612 0 
28 0.015855 0 
29 0.008303 0 
30 0.015057 0 
31 0.010441 0 
32 0.008554 0 
33 0.007938 0 
34 0.008273 0 
35 0.018069 0 
36 0.009386 0 
37 0.017172 0 
38 0.011684 0 
39 0.008827 0 
40 0.008763 0 
41 0.010469 0 
42 0.016140 0 
43 0.009351 0 
44 0.012538 0 
45 0.009413 0 
46 0.008836 0 
47 0.008540 0 
48 0.009139 0 
49 0.009037 0 
50 0.008984 0 
51 0.009004 0 
52 0.010393 0 
53 0.008929 0 
54 0.012859 0 
55 0.008534 0 
56 0.009839 0 
57 0.009344 0 
58 0.010073 0 
59 0.009193 0 
60 0.008651 0 
61 0.013951 0 
62 0.014568 0 
63 0.012048 0 
64 0.017272 0 
65 0.009101 0 
66 0.016130 0 
67 0.009871 0 
68 0.014021 0 
69 0.012208 0 
70 0.009890 0 
71 0.009034 0 
72 0.016449 0 
73 0.008997 0 
74 0.010473 0 
75 0.014601 0 
76 0.012937 0 
77 0.014456 0 
78 0.014639 0 
79 0.017854 0 
80 0.009667 0 
81 0.016112 0 
82 0.008969 0 
83 0.014879 0 
84 0.010575 0 
85 0.015265 0 
86 0.009251 0 
87 0.022176 0 
88 0.013744 0 
89 0.008524 0 
90 0.015804 0 
91 0.011043 0 
92 0.017092 0 
93 0.012040 0 
94 0.014820 0 
95 0.008332 0 
96 0.015035 0 
97 0.015781 0 
98 0.009146 0 
99 0.009035 0 
100 0.010659 0 
101 0.009756 0 
102 0.009634 0 
103 0.018119 0 
104 0.008906 0 
105 0.008800 0 
106 0.009816 0 
107 0.008862 0 
108 0.017151 0 
109 0.008782 0 
110 0.018184 0 
111 0.008915 0 
112 0.011475 0 
113 0.013762 0 
114 0.008752 0 
115 0.009770 0 
116 0.015564 0 
117 0.013579 0 
118 0.007886 0 
119 0.016645 0 
120 0.009393 0 
121 0.010622 0 
122 0.013934 0 
123 0.008515 0 
124 0.008885 0 
125 0.010505 0 
126 0.016565 0 
127 0.009015 0 
128 0.018262 0 
129 0.011591 0 
130 0.010550 0 
131 0.017356 0 
132 0.008325 0 
133 0.015519 0 
134 0.008277 0 
135 0.016676 0 
136 0.008735 0 
137 0.015118 0 
138 0.009138 0 
139 0.013029 0 
140 0.020573 0 
141 0.014476 0 
142 0.008775 0 
143 0.008317 0 
144 0.009577 0 
145 0.015708 0 
146 0.009091 0 
147 0.015578 0 
148 0.009874 0 
149 0.013972 0 
150 0.015179 0 
151 0.011325 0 
152 0.014360 0 
153 0.010394 0 
154 0.014704 0 
155 0.009036 0 
156 0.014260 0 
157 0.007715 0 
158 0.018272 0 
159 0.011285 0 
160 0.021351 0 
161 0.013348 0 
162 0.011575 0 
163 0.007428 0 
164 0.011072 0 
165 0.015100 0 
166 0.011988 0 
167 0.018115 0 
168 0.012005 0 
169 0.008656 0 
170 0.008610 0 
171 0.019854 0 
172 0.012352 0 
173 0.011771 0 
174 0.007822 0 
175 0.010732 0 
176 0.008618 0 
177 0.008222 0 
178 0.017870 0 
179 0.008709 0 
180 0.008111 0 
181 0.015422 0 
182 0.016927 0 
183 0.010738 0 
184 0.009835 0 
185 0.010852 0 
186 0.016387 0 
187 0.014197 0 
188 0.015753 0 
189 0.013223 0 
190 0.013893 0 
191 0.008792 0 
192 0.015325 0 
193 0.010451 0 
194 0.015739 0 
195 0.010270 0 
196 0.017320 0 
197 0.008803 0 
198 0.018279 0 
199 0.011871 0 
200 0.008410 0 
201 0.008717 0 
202 0.015228 0 
203 0.008730 0 
204 0.016457 0 
205 0.013386 0 
206 0.008364 0 
207 0.015098 0 
208 0.010297 0 
209 0.009256 0 
210 0.010185 0 
211 0.018623 0 
212 0.010357 0 
213 0.022266 0 
214 0.009873 0 
215 0.008696 0 
216 0.018807 0 
217 0.014420 0 
218 0.008891 0 
219 0.014614 0 
220 0.008707 0 
221 0.015687 0 
222 0.007778 0 
223 0.017176 0 
224 0.015723 0 
225 0.011111 0 
226 0.012120 0 
227 0.009853 0 
228 0.015342 0 
229 0.012933 0 
230 0.013048 0 
231 0.009280 0 
232 0.017181 0 
233 0.009096 0 
234 0.009172 0 
235 0.010962 0 
236 0.008725 0 
237 0.015497 0 
238 0.013778 0 
239 0.014351 0 
240 0.017922 0 
241 0.015401 0 
242 0.009532 0 
243 0.018998 0 
244 0.009508 0 
245 0.009112 0 
246 0.018261 0 
247 0.009239 0 
248 0.022040 0 
249 0.015463 0 
250 0.015059 0 
251 0.014407 0 
252 0.013841 0 
253 0.015032 0 
254 0.008314 0 
255 0.008655 0 
256 0.012841 0 
257 0.015937 0 
258 0.009003 0 
259 0.019052 0 
260 0.008288 0 
261 0.016295 0 
262 0.012073 0 
263 0.008553 0 
264 0.016456 0 
265 0.010190 0 
266 0.015502 0 
267 0.011619 0 
268 0.018968 0 
269 0.017139 0 
270 0.014489 0 
271 0.008833 0 
272 0.015697 0 
273 0.013039 0 
274 0.009754 0 
275 0.014681 0 
276 0.009225 0 
277 0.008617 0 
278 0.008816 0 
279 0.009775 0 
280 0.009255 0 
281 0.014659 0 
282 0.008982 0 
283 0.015884 0 
284 0.014728 0 
285 0.016040 0 
286 0.013328 0 
287 0.015047 0 
288 0.009771 0 
289 0.009223 0 
290 0.016018 0 
291 0.011041 0 
292 0.016288 0 
293 0.013322 0 
294 0.011293 0 
295 0.015592 0 
296 0.009078 0 
297 0.016745 0 
298 0.008784 0 
299 0.015614 0 
300 0.015721 0 
301 0.014285 0 
302 0.013931 0 
303 0.015865 0 
304 0.011113 0 
305 0.009209 0 
306 0.015168 0 
307 0.008773 0 
308 0.014685 0 
309 0.010267 0 
310 0.014676 0 
311 0.014283 0 
312 0.013944 0 
313 0.009099 0 
314 0.011240 0 
315 0.007944 0 
316 0.007732 0 
317 0.009434 0 
318 0.007247 0 
319 0.010022 0 
320 0.009090 0 
321 0.009797 0 
322 0.008367 0 
323 0.008536 0 
324 0.010333 0 
325 0.009506 0 
326 0.011456 0 
327 0.008769 0 
328 0.009769 0 
329 0.013403 0 
330 0.024819 0 
331 0.011917 0 
332 0.007874 0 
333 0.008887 0 
334 0.009758 0 
335 0.008958 0 
336 0.008733 0 
337 0.017465 0 
338 0.011181 0 
339 0.016664 0 
340 0.008890 0 
341 0.016403 0 
342 0.011156 0 
343 0.008941 0 
344 0.010541 0 
345 0.016880 0 
346 0.013888 0 
347 0.012410 0 
348 0.014399 0 
349 0.013517 0 
350 0.011968 0 
351 0.017165 0 
352 0.011672 0 
353 0.014780 0 
354 0.017563 0 
355 0.008984 0 
356 0.008508 0 
357 0.015427 0 
358 0.015239 0 
359 0.013837 0 
360 0.013804 0 
361 0.009287 0 
362 0.015939 0 
363 0.009252 0 
364 0.008721 0 
365 0.014036 0 
366 0.016205 0 
367 0.011027 0 
368 0.014792 0 
369 0.010408 0 
370 0.017209 0 
371 0.010048 0 
372 0.013868 0 
373 0.012827 0 
374 0.008642 0 
375 0.008784 0 
376 0.008239 0 
377 0.009201 0 
378 0.016819 0 
379 0.010229 0 
380 0.015297 0 
381 0.009200 0 
382 0.016954 0 
383 0.012441 0 
384 0.014264 0 
385 0.010200 0 
386 0.008393 0 
387 0.017365 0 
388 0.008749 0 
389 0.015638 0 
390 0.009715 0 
391 0.010307 0 
392 0.019987 0 
393 0.017975 0 
394 0.017806 0 
395 0.009737 0 
396 0.007820 0 
397 0.015242 0 
398 0.013360 0 
399 0.022312 0 
400 0.013306 0 
401 0.007851 0 
402 0.011880 0 
403 0.009244 0 
404 0.020095 0 
405 0.012368 0 
406 0.008290 0 
407 0.015351 0 
408 0.011268 0 
409 0.015466 0 
410 0.014657 0 
411 0.008370 0 
412 0.013607 0 
413 0.012603 0 
414 0.008481 0 
415 0.011130 0 
416 0.015463 0 
417 0.009516 0 
418 0.008976 0 
419 0.016285 0 
420 0.008797 0 
421 0.015286 0 
422 0.011018 0 
423 0.016458 0 
424 0.011697 0 
425 0.008531 0 
426 0.017815 0 
427 0.016246 0 
428 0.011153 0 
429 0.013303 0 
430 0.009172 0 
431 0.016253 0 
432 0.012363 0 
433 0.015841 0 
434 0.008974 0 
435 0.016761 0 
436 0.009062 0 
437 0.007867 0 
438 0.009821 0 
439 0.015865 0 
440 0.013102 0 
441 0.013418 0 
442 0.008749 0 
443 0.008672 0 
444 0.014560 0 
445 0.010789 0 
446 0.014916 0 
447 0.010234 0 
448 0.008509 0 
449 0.017748 0 
450 0.013614 0 
451 0.015544 0 
452 0.008414 0 
453 0.020689 0 
454 0.014525 0 
455 0.008646 0 
456 0.008133 0 
457 0.008922 0 
458 0.016576 0 
459 0.010124 0 
460 0.016477 0 
461 0.008898 0 
462 0.015857 0 
463 0.012303 0 
464 0.012208 0 
465 0.013653 0 
466 0.009573 0 
467 0.016828 0 
468 0.014035 0 
469 0.009566 0 
470 0.010273 0 
471 0.015268 0 
472 0.008747 0 
473 0.017403 0 
474 0.011737 0 
475 0.009604 0 
476 0.017402 0 
477 0.018314 0 
478 0.008528 0 
479 0.016283 0 
480 0.014600 0 
481 0.008905 0 
482 0.016020 0 
483 0.009912 0 
484 0.023743 0 
485 0.010606 0 
486 0.014815 0 
487 0.012025 0 
488 0.012267 0 
489 0.015791 0 
490 0.009350 0 
491 0.016176 0 
492 0.019475 0 
493 0.009987 0 
494 0.008596 0 
495 0.020172 0 
496 0.012272 0 
497 0.015478 0 
498 0.013952 0 
499 0.019267 0 
500 0.013468 0 
501 0.013195 0 
502 0.010851 0 
503 0.025645 0 
504 0.009302 0 
505 0.019607 0 
506 0.013150 0 
507 0.010842 0 
508 0.008957 0 
509 0.008974 0 
510 0.017836 0 
511 0.010737 0 
512 0.015149 0 
513 0.010096 0 
514 0.018889 0 
515 0.014356 0 
516 0.009426 0 
517 0.013916 0 
518 0.015783 0 
519 0.008816 0 
520 0.015277 0 
521 0.009336 0 
522 0.009933 0 
523 0.014327 0 
524 0.012553 0 
525 0.013936 0 
526 0.010994 0 
527 0.012642 0 
528 0.010128 0 
529 0.016780 0 
530 0.009570 0 
531 0.016680 0 
532 0.008891 0 
533 0.007352 0 
534 0.014975 0 
535 0.008848 0 
536 0.014372 0 
537 0.014079 0 
538 0.013427 0 
539 0.015069 0 
540 0.008317 0 
541 0.015104 0 
542 0.009359 0 
543 0.017598 0 
544 0.012783 0 
545 0.013644 0 
546 0.008833 0 
547 0.016596 0 
548 0.009772 0 
549 0.009467 0 
550 0.008747 0 
551 0.028791 0 
552 0.013266 0 
553 0.010493 0 
554 0.015209 0 
555 0.011884 0 
556 0.015430 0 
557 0.010042 0 
558 0.015436 0 
559 0.008540 0 
560 0.007883 0 
561 0.015022 0 
562 0.009083 0 
563 0.008432 0 
564 0.016744 0 
565 0.011641 0 
566 0.012743 0 
567 0.008455 0 
568 0.011468 0 
569 0.016152 0 
570 0.009904 0 
571 0.018028 0 
572 0.012182 0 
573 0.012587 0 
574 0.012770 0 
575 0.009233 0 
576 0.011289 0 
577 0.010708 0 
578 0.008761 0 
579 0.016714 0 
580 0.014868 0 
581 0.014288 0 
582 0.008938 0 
583 0.014700 0 
584 0.011598 0 
585 0.011875 0 
586 0.009187 0 
587 0.013886 0 
588 0.011708 0 
589 0.016941 0 
590 0.012983 0 
591 0.009063 0 
592 0.011542 0 
593 0.009024 0 
594 0.010561 0 
595 0.016605 0 
596 0.012169 0 
597 0.009541 0 
598 0.015607 0 
599 0.011874 0 
600 0.017920 0 
601 0.012274 0 
602 0.008527 0 
603 0.008450 0 
604 0.009103 0 
605 0.014842 0 
606 0.012387 0 
607 0.009351 0 
608 0.010794 0 
609 0.016737 0 
610 0.009211 0 
611 0.014152 0 
612 0.008344 0 
613 0.018060 0 
614 0.013282 0 
615 0.009154 0 
616 0.017170 0 
617 0.011085 0 
618 0.010151 0 
619 0.014205 0 
620 0.015145 0 
621 0.011000 0 
622 0.014189 0 
623 0.014865 0 
624 0.016055 0 
625 0.008274 0 
626 0.016044 0 
627 0.008737 0 
628 0.016026 0 
629 0.013243 0 
630 0.009201 0 
631 0.010016 0 
632 0.014566 0 
633 0.009160 0 
634 0.015256 0 
635 0.008317 0 
636 0.015683 0 
637 0.010052 0 
638 0.008425 0 
639 0.023110 0 
640 0.010197 0 
641 0.008994 0 
642 0.011295 0 
643 0.011258 0 
644 0.009488 0 
645 0.008717 0 
646 0.009096 0 
647 0.008983 0 
648 0.008630 0 
649 0.009668 0 
650 0.009047 0 
651 0.010712 0 
652 0.013927 0 
653 0.013142 0 
654 0.008765 0 
655 0.008872 0 
656 0.010430 0 
657 0.007214 0 
658 0.009969 0 
659 0.009707 0 
660 0.011712 0 
661 0.017982 0 
662 0.009955 0 
663 0.008824 0 
664 0.011533 0 
665 0.008604 0 
666 0.009238 0 
667 0.011289 0 
668 0.008922 0 
669 0.009366 0 
670 0.008907 0 
671 0.012062 0 
672 0.009037 0 
673 0.010729 0 
674 0.013396 0 
675 0.009577 0 
676 0.011065 0 
677 0.008798 0 
678 0.008453 0 
679 0.008821 0 
680 0.008890 0 
681 0.010410 0 
682 0.008672 0 
683 0.008580 0 
684 0.008666 0 
685 0.008394 0 
686 0.008607 0 
687 0.012441 0 
688 0.010355 0 
689 0.008376 0 
690 0.011324 0 
691 0.017558 0 
692 0.011253 0 
693 0.009133 0 
694 0.014157 0 
695 0.011721 0 
696 0.014969 0 
697 0.011140 0 
698 0.016890 0 
699 0.011160 0 
700 0.016547 0 
701 0.009829 0 
702 0.010034 0 
703 0.008502 0 
704 0.015235 0 
705 0.009577 0 
706 0.016011 0 
707 0.009592 0 
708 0.018793 0 
709 0.008503 0 
710 0.017805 0 
711 0.011060 0 
712 0.014920 0 
713 0.009989 0 
714 0.011595 0 
715 0.008623 0 
716 0.008165 0 
717 0.015379 0 
718 0.013659 0 
719 0.030370 0 
720 0.014130 0 
721 0.011657 0 
722 0.011847 0 
723 0.008583 0 
724 0.017462 0 
725 0.014591 0 
726 0.010457 0 
727 0.008879 0 
728 0.019456 0 
729 0.018876 0 
730 0.011996 0 
731 0.008782 0 
732 0.011925 0 
733 0.010165 0 
734 0.015829 0 
735 0.011287 0 
736 0.019918 0 
737 0.016290 0 
738 0.012580 0 
739 0.016991 0 
740 0.017034 0 
741 0.010761 0 
742 0.015657 0 
743 0.010656 0 
744 0.008452 0 
745 0.016228 0 
746 0.009379 0 
747 0.008794 0 
748 0.017775 0 
749 0.013450 0 
750 0.014834 0 
751 0.011566 0 
752 0.016722 0 
753 0.013863 0 
754 0.014802 0 
755 0.015585 0 
756 0.010777 0 
757 0.015524 0 
758 0.016240 0 
759 0.012765 0 
760 0.010168 0 
761 0.008511 0 
762 0.012058 0 
763 0.010507 0 
764 0.017623 0 
765 0.012022 0 
766 0.015676 0 
767 0.009261 0 
768 0.017358 0 
769 0.012002 0 
770 0.009366 0 
771 0.014135 0 
772 0.014756 0 
773 0.009317 0 
774 0.011806 0 
775 0.008780 0 
776 0.016639 0 
777 0.010184 0 
778 0.014923 0 
779 0.008919 0 
780 0.021183 0 
781 0.010040 0 
782 0.018929 0 
783 0.010027 0 
784 0.008801 0 
785 0.017291 0 
786 0.011674 0 
787 0.015113 0 
788 0.015193 0 
789 0.010562 0 
790 0.014288 0 
791 0.017725 0 
792 0.011345 0 
793 0.016007 0 
794 0.009076 0 
795 0.014920 0 
796 0.008395 0 
797 0.014472 0 
798 0.010882 0 
799 0.010307 0 
800 0.008664 0 
801 0.015510 0 
802 0.013475 0 
803 0.008366 0 
804 0.008692 0 
805 0.008998 0 
806 0.016138 0 
807 0.009284 0 
808 0.019068 0 
809 0.013119 0 
810 0.013230 0 
811 0.009458 0 
812 0.017464 0 
813 0.009792 0 
814 0.016258 0 
815 0.014015 0 
816 0.014431 0 
817 0.030641 0 
818 0.013723 0 
819 0.010742 0 
820 0.010238 0 
821 0.011168 0 
822 0.008715 0 
823 0.008633 0 
824 0.009717 0 
825 0.010541 0 
826 0.008608 0 
827 0.009561 0 
828 0.009390 0 
829 0.015177 0 
830 0.014158 0 
831 0.009136 0 
832 0.009036 0 
833 0.012431 0 
834 0.009081 0 
835 0.008624 0 
836 0.009185 0 
837 0.017776 0 
838 0.008972 0 
839 0.009673 0 
840 0.008769 0 
841 0.008714 0 
842 0.010083 0 
843 0.008494 0 
844 0.008581 0 
845 0.010049 0 
846 0.008424 0 
847 0.008734 0 
848 0.013316 0 
849 0.009146 0 
850 0.009813 0 
851 0.009217 0 
852 0.009939 0 
853 0.008940 0 
854 0.007690 0 
855 0.008246 0 
856 0.011645 0 
857 0.007312 0 
858 0.009258 0 
859 0.012367 0 
860 0.009610 0 
861 0.009103 0 
862 0.015126 0 
863 0.008647 0 
864 0.009235 0 
865 0.009413 0 
866 0.017824 0 
867 0.009008 0 
868 0.010067 0 
869 0.011484 0 
870 0.016236 0 
871 0.010464 0 
872 0.009909 0 
873 0.009627 0 
874 0.009908 0 
875 0.020480 0 
876 0.009210 0 
877 0.008425 0 
878 0.008921 0 
879 0.008734 0 
880 0.011478 0 
881 0.009884 0 
882 0.012806 0 
883 0.013926 0 
884 0.009722 0 
885 0.011883 0 
886 0.008438 0 
887 0.008663 0 
888 0.012072 0 
889 0.011170 0 
890 0.008866 0 
891 0.012998 0 
892 0.008574 0 
893 0.009419 0 
894 0.011403 0 
895 0.018790 0 
896 0.008828 0 
897 0.008239 0 
898 0.008979 0 
899 0.009262 0 
900 0.007819 0 
901 0.008362 0 
902 0.014580 0 
903 0.012394 0 
904 0.012415 0 
905 0.008597 0 
906 0.008868 0 
907 0.015411 0 
908 0.008960 0 
909 0.008620 0 
910 0.010996 0 
911 0.009221 0 
912 0.008368 0 
913 0.008664 0 
914 0.009239 0 
915 0.009168 0 
916 0.009424 0 
917 0.009921 0 
918 0.011085 0 
919 0.016525 0 
920 0.007206 0 
921 0.007640 0 
922 0.009012 0 
923 0.008463 0 
924 0.009632 0 
925 0.009088 0 
926 0.008856 0 
927 0.008536 0 
928 0.010830 0 
929 0.008810 0 
930 0.014836 0 
931 0.009284 0 
932 0.009581 0 
933 0.015784 0 
934 0.007756 0 
935 0.008661 0 
936 0.009686 0 
937 0.008100 0 
938 0.010513 0 
939 0.008857 0 
940 0.008685 0 
941 0.016487 0 
942 0.013257 0 
943 0.013568 0 
944 0.008789 0 
945 0.009978 0 
946 0.008785 0 
947 0.035493 0 
948 0.019048 0 
949 0.009507 0 
950 0.018285 0 
951 0.010034 0 
952 0.012268 0 
953 0.015627 0 
954 0.009490 0 
955 0.008902 0 
956 0.008345 0 
957 0.010776 0 
958 0.008880 0 
959 0.015221 0 
960 0.008705 0 
961 0.008802 0 
962 0.009771 0 
963 0.008708 0 
964 0.009600 0 
965 0.011591 0 
966 0.010220 0 
967 0.009785 0 
968 0.008129 0 
969 0.008036 0 
970 0.009203 0 
971 0.009164 0 
972 0.008719 0 
973 0.009226 0 
974 0.009139 0 
975 0.008530 0 
976 0.008482 0 
977 0.017437 0 
978 0.013962 0 
979 0.010180 0 
980 0.018289 0 
981 0.012712 0 
982 0.008904 0 
983 0.020199 0 
984 0.014627 0 
985 0.012099 0 
986 0.014869 0 
987 0.008643 0 
988 0.018856 0 
989 0.010928 0 
990 0.018770 0 
991 0.013264 0 
992 0.011950 0 
993 0.016061 0 
994 0.010552 0 
995 0.011013 0 
996 0.018259 0 
997 0.008718 0 
998 0.015430 0 
999 0.008234 0 
1000 0.008283 0 
1001 0.009930 0 
1002 0.016187 0 
1003 0.009298 0 
1004 0.010143 0 
1005 0.015636 0 
1006 0.010345 0 
1007 0.014646 0 
1008 0.008737 0 
1009 0.018966 0 
1010 0.021238 0 
1011 0.016930 0 
1012 0.008965 0 
1013 0.008786 0 
1014 0.008803 0 
1015 0.024052 0 
1016 0.016108 0 
1017 0.007013 0 
1018 0.011916 0 
1019 0.011354 0 
1020 0.009734 0 
1021 0.009307 0 
1022 0.008680 0 
1023 0.008796 0 
1024 0.010691 0 
1025 0.009362 0 
1026 0.019532 0 
1027 0.008865 0 
1028 0.009871 0 
1029 0.015470 0 
1030 0.008547 0 
1031 0.011413 0 
1032 0.009382 0 
1033 0.011786 0 
1034 0.009887 0 
1035 0.008799 0 
1036 0.010651 0 
1037 0.011037 0 
1038 0.009479 0 
1039 0.009858 0 
1040 0.009995 0 
1041 0.008706 0 
1042 0.011059 0 
1043 0.008521 0 
1044 0.009264 0 
1045 0.018211 0 
1046 0.011577 0 
1047 0.016752 0 
1048 0.009789 0 
1049 0.008942 0 
1050 0.014822 0 
1051 0.015183 0 
1052 0.010527 0 
1053 0.016672 0 
1054 0.009102 0 
1055 0.008328 0 
1056 0.009547 0 
1057 0.016319 0 
1058 0.008422 0 
1059 0.008078 0 
1060 0.008657 0 
1061 0.014251 0 
1062 0.011081 0 
1063 0.015891 0 
1064 0.009599 0 
1065 0.008489 0 
1066 0.011523 0 
1067 0.016691 0 
1068 0.013888 0 
1069 0.008417 0 
1070 0.016214 0 
1071 0.016235 0 
1072 0.010970 0 
1073 0.008567 0 
1074 0.015471 0 
1075 0.009392 0 
1076 0.012152 0 
1077 0.016443 0 
1078 0.008936 0 
1079 0.015609 0 
1080 0.011673 0 
1081 0.009954 0 
1082 0.028350 0 
1083 0.012397 0 
1084 0.010246 0 
1085 0.015854 0 
1086 0.018064 0 
1087 0.009032 0 
1088 0.008837 0 
1089 0.014562 0 
1090 0.010615 0 
1091 0.008620 0 
1092 0.014717 0 
1093 0.010714 0 
1094 0.018377 0 
1095 0.012186 0 
1096 0.013750 0 
1097 0.009090 0 
1098 0.015316 0 
1099 0.009382 0 
1100 0.015841 0 
1101 0.009851 0 
1102 0.014022 0 
1103 0.008340 0 
1104 0.013971 0 
1105 0.015122 0 
1106 0.014317 0 
1107 0.011369 0 
1108 0.016357 0 
1109 0.010266 0 
1110 0.016783 0 
1111 0.009885 0 
1112 0.017323 0 
1113 0.011338 0 
1114 0.017282 0 
1115 0.016122 0 
1116 0.009769 0 
1117 0.015579 0 
1118 0.010808 0 
1119 0.015318 0 
1120 0.008458 0 
1121 0.010515 0 
1122 0.017160 0 
1123 0.024263 0 
1124 0.010013 0 
1125 0.018629 0 
1126 0.011550 0 
1127 0.011852 0 
1128 0.018208 0 
1129 0.008654 0 
1130 0.009022 0 
1131 0.008868 0 
1132 0.016618 0 
1133 0.018335 0 
1134 0.009228 0 
1135 0.011786 0 
1136 0.011728 0 
1137 0.018180 0 
1138 0.009584 0 
1139 0.010041 0 
1140 0.009110 0 
1141 0.008979 0 
1142 0.007482 0 
1143 0.011179 0 
1144 0.014292 0 
1145 0.010415 0 
1146 0.012232 0 
1147 0.011703 0 
1148 0.008569 0 
1149 0.011956 0 
1150 0.009649 0 
1151 0.013648 0 
1152 0.015834 0 
1153 0.014504 0 
1154 0.011585 0 
1155 0.009576 0 
1156 0.008781 0 
1157 0.008660 0 
1158 0.012409 0 
1159 0.008723 0 
1160 0.013845 0 
1161 0.010552 0 
1162 0.010863 0 
1163 0.008486 0 
1164 0.008649 0 
1165 0.008259 0 
1166 0.008334 0 
1167 0.009550 0 
1168 0.009498 0 
1169 0.009658 0 
1170 0.008458 0 
1171 0.010502 0 
1172 0.015382 0 
1173 0.010180 0 
1174 0.014716 0 
1175 0.011582 0 
1176 0.016353 0 
1177 0.008773 0 
1178 0.008681 0 
1179 0.009403 0 
1180 0.008152 0 
1181 0.008538 0 
1182 0.009039 0 
1183 0.009243 0 
1184 0.017905 0 
1185 0.009783 0 
1186 0.013339 0 
1187 0.010237 0 
1188 0.012993 0 
1189 0.008484 0 
1190 0.019443 0 
1191 0.011785 0 
1192 0.012548 0 
1193 0.014049 0 
1194 0.011701 0 
1195 0.011615 0 
1196 0.015728 0 
1197 0.007674 0 
1198 0.016421 0 
1199 0.009698 0 
1200 0.017228 0 
1201 0.013242 0 
1202 0.008518 0 
1203 0.009588 0 
1204 0.015188 0 
1205 0.011169 0 
1206 0.019549 0 
1207 0.010223 0 
1208 0.018692 0 
1209 0.013940 0 
1210 0.011006 0 
1211 0.010289 0 
1212 0.018398 0 
1213 0.012226 0 
1214 0.008943 0 
1215 0.011453 0 
1216 0.013789 0 
1217 0.008594 0 
1218 0.011351 0 
1219 0.013473 0 
1220 0.013556 0 
1221 0.018064 0 
1222 0.008098 0 
1223 0.007680 0 
1224 0.008987 0 
1225 0.009793 0 
1226 0.008484 0 
1227 0.018512 0 
1228 0.011346 0 
1229 0.016298 0 
1230 0.010347 0 
1231 0.014164 0 
1232 0.013255 0 
1233 0.013670 0 
1234 0.015145 0 
1235 0.012324 0 
1236 0.013349 0 
1237 0.010234 0 
1238 0.023024 0 
1239 0.011227 0 
1240 0.016399 0 
1241 0.011448 0 
1242 0.008792 0 
1243 0.008437 0 
1244 0.009619 0 
1245 0.014604 0 
1246 0.015731 0 
1247 0.009424 0 
1248 0.017440 0 
1249 0.013444 0 
1250 0.014296 0 
1251 0.011923 0 
1252 0.014462 0 
1253 0.014908 0 
1254 0.012888 0 
1255 0.008709 0 
1256 0.017989 0 
1257 0.014574 0 
1258 0.008579 0 
1259 0.009945 0 
1260 0.010995 0 
1261 0.008657 0 
1262 0.014490 0 
1263 0.013951 0 
1264 0.013461 0 
1265 0.013987 0 
1266 0.012608 0 
1267 0.023258 0 
1268 0.013110 0 
1269 0.023402 0 
1270 0.008251 0 
1271 0.016735 0 
1272 0.013302 0 
1273 0.008598 0 
1274 0.008224 0 
1275 0.015759 0 
1276 0.011307 0 
1277 0.014812 0 
1278 0.013397 0 
1279 0.012436 0 
1280 0.013020 0 
1281 0.012961 0 
1282 0.008948 0 
1283 0.010456 0 
1284 0.011086 0 
1285 0.016541 0 
1286 0.009840 0 
1287 0.009328 0 
1288 0.017996 0 
1289 0.011972 0 
1290 0.017879 0 
1291 0.012074 0 
1292 0.009318 0 
1293 0.010817 0 
1294 0.015365 0 
1295 0.008779 0 
1296 0.014816 0 
1297 0.013878 0 
1298 0.010240 0 
1299 0.015687 0 
1300 0.013897 0 
1301 0.008323 0 
1302 0.018407 0 
1303 0.013727 0 
1304 0.015851 0 
1305 0.010514 0 
1306 0.017649 0 
1307 0.012941 0 
1308 0.011223 0 
1309 0.014537 0 
1310 0.017436 0 
1311 0.008577 0 
1312 0.009621 0 
1313 0.009190 0 
1314 0.016068 0 
1315 0.008576 0 
1316 0.008584 0 
1317 0.031562 0 
1318 0.014963 0 
1319 0.008985 0 
1320 0.016334 0 
1321 0.008825 0 
1322 0.008488 0 
1323 0.010149 0 
1324 0.015517 0 
1325 0.010634 0 
1326 0.014037 0 
1327 0.012647 0 
1328 0.019501 0 
1329 0.010033 0 
1330 0.014278 0 
1331 0.008830 0 
1332 0.017657 0 
1333 0.015784 0 
1334 0.011353 0 
1335 0.008869 0 
1336 0.017109 0 
1337 0.013558 0 
1338 0.010433 0 
1339 0.018667 0 
1340 0.011176 0 
1341 0.018449 0 
1342 0.013236 0 
1343 0.016461 0 
1344 0.008886 0 
1345 0.008613 0 
1346 0.015487 0 
1347 0.017724 0 
1348 0.009522 0 
1349 0.009131 0 
1350 0.014915 0 
1351 0.008866 0 
1352 0.015093 0 
1353 0.011981 0 
1354 0.015582 0 
1355 0.009443 0 
1356 0.018078 0 
1357 0.010187 0 
1358 0.008890 0 
1359 0.015941 0 
1360 0.011674 0 
1361 0.009030 0 
1362 0.010092 0 
1363 0.008989 0 
1364 0.008940 0 
1365 0.012918 0 
1366 0.012275 0 
1367 0.009609 0 
1368 0.010833 0 
1369 0.011947 0 
1370 0.008685 0 
1371 0.012377 0 
1372 0.009133 0 
1373 0.008324 0 
1374 0.012845 0 
1375 0.014442 0 
1376 0.013332 0 
1377 0.010256 0 
1378 0.013973 0 
1379 0.011045 0 
1380 0.011263 0 
1381 0.015270 0 
1382 0.012897 0 
1383 0.015493 0 
1384 0.010745 0 
1385 0.011555 0 
1386 0.010797 0 
1387 0.010628 0 
1388 0.011629 0 
1389 0.017889 0 
1390 0.015064 0 
1391 0.008718 0 
1392 0.008502 0 
1393 0.010639 0 
1394 0.011773 0 
1395 0.009614 0 
1396 0.014059 0 
1397 0.013550 0 
1398 0.017587 0 
1399 0.012380 0 
1400 0.011833 0 
1401 0.018531 0 
1402 0.008946 0 
1403 0.018148 0 
1404 0.008446 0 
1405 0.015683 0 
1406 0.009901 0 
1407 0.017103 0 
1408 0.015422 0 
1409 0.016085 0 
1410 0.008612 0 
1411 0.014173 0 
1412 0.016959 0 
1413 0.021606 0 
1414 0.012820 0 
1415 0.013712 0 
1416 0.009292 0 
1417 0.016504 0 
1418 0.012256 0 
1419 0.009358 0 
1420 0.012176 0 
1421 0.009093 0 
1422 0.016677 0 
1423 0.012796 0 
1424 0.008670 0 
1425 0.014926 0 
1426 0.013196 0 
1427 0.008801 0 
1428 0.009466 0 
1429 0.014648 0 
1430 0.009528 0 
1431 0.016045 0 
1432 0.010943 0 
1433 0.008914 0 
1434 0.014745 0 
1435 0.009661 0 
1436 0.015352 0 
1437 0.013088 0 
1438 0.012507 0 
1439 0.012940 0 
1440 0.008279 0 
1441 0.018075 0 
1442 0.008881 0 
1443 0.016356 0 
1444 0.012572 0 
1445 0.011942 0 
1446 0.008697 0 
1447 0.015453 0 
1448 0.013425 0 
1449 0.013776 0 
1450 0.011342 0 
1451 0.014892 0 
1452 0.013119 0 
1453 0.008500 0 
1454 0.008485 0 
1455 0.016862 0 
1456 0.021090 0 
1457 0.020451 0 
1458 0.010635 0 
1459 0.016349 0 
1460 0.015120 0 
1461 0.010700 0 
1462 0.015782 0 
1463 0.011935 0 
1464 0.010216 0 
1465 0.013960 0 
1466 0.015062 0 
1467 0.020296 0 
1468 0.015378 0 
1469 0.012420 0 
1470 0.017041 0 
1471 0.008724 0 
1472 0.017280 0 
1473 0.008021 0 
1474 0.014055 0 
1475 0.014039 0 
1476 0.009645 0 
1477 0.016394 0 
1478 0.009488 0 
1479 0.015932 0 
1480 0.009839 0 
1481 0.016801 0 
1482 0.009106 0 
1483 0.012225 0 
1484 0.008146 0 
1485 0.007909 0 
1486 0.009820 0 
1487 0.014183 0 
1488 0.009001 0 
1489 0.009517 0 
1490 0.009640 0 
1491 0.018528 0 
1492 0.008443 0 
1493 0.017280 0 
1494 0.013486 0 
1495 0.008775 0 
1496 0.016123 0 
1497 0.010195 0 
1498 0.008279 0 
1499 0.012938 0 
1500 0.008641 0 
1501 0.014853 0 
1502 0.009538 0 
1503 0.010320 0 
1504 0.009816 0 
1505 0.015956 0 
1506 0.008675 0 
1507 0.015841 0 
1508 0.008917 0 
1509 0.019350 0 
1510 0.008593 0 
1511 0.014450 0 
1512 0.008949 0 
1513 0.016335 0 
1514 0.011295 0 
1515 0.014279 0 
1516 0.009528 0 
1517 0.017282 0 
1518 0.014737 0 
1519 0.013676 0 
1520 0.030179 0 
1521 0.011679 0 
1522 0.022295 0 
1523 0.014793 0 
1524 0.011254 0 
1525 0.008706 0 
1526 0.008372 0 
1527 0.014886 0 
1528 0.008945 0 
1529 0.016332 0 
1530 0.014112 0 
1531 0.010647 0 
1532 0.015034 0 
1533 0.011143 0 
1534 0.010973 0 
1535 0.010124 0 
1536 0.015397 0 
1537 0.008960 0 
1538 0.009304 0 
1539 0.008180 0 
1540 0.015511 0 
1541 0.011867 0 
1542 0.012653 0 
1543 0.008557 0 
1544 0.014219 0 
1545 0.011507 0 
1546 0.015775 0 
1547 0.012095 0 
1548 0.008361 0 
1549 0.013904 0 
1550 0.008967 0 
1551 0.012674 0 
1552 0.010967 0 
1553 0.010058 0 
1554 0.010634 0 
1555 0.016920 0 
1556 0.009389 0 
1557 0.015320 0 
1558 0.009513 0 
1559 0.014331 0 
1560 0.008331 0 
1561 0.014716 0 
1562 0.009222 0 
1563 0.008247 0 
1564 0.017789 0 
1565 0.015429 0 
1566 0.010473 0 
1567 0.016699 0 
1568 0.010348 0 
1569 0.016909 0 
1570 0.008820 0 
1571 0.015363 0 
1572 0.008906 0 
1573 0.016868 0 
1574 0.008673 0 
1575 0.014918 0 
1576 0.010868 0 
1577 0.016334 0 
1578 0.008016 0 
1579 0.014918 0 
1580 0.009251 0 
1581 0.012175 0 
1582 0.010499 0 
1583 0.018276 0 
1584 0.014643 0 
1585 0.008823 0 
1586 0.016604 0 
1587 0.009501 0 
1588 0.029862 0 
1589 0.013466 0 
1590 0.016361 0 
1591 0.013250 0 
1592 0.017420 0 
1593 0.014397 0 
1594 0.008589 0 
1595 0.017293 0 
1596 0.010900 0 
1597 0.013495 0 
1598 0.011343 0 
1599 0.013866 0 
1600 0.013381 0 
1601 0.011496 0 
1602 0.012321 0 
1603 0.009079 0 
1604 0.015802 0 
1605 0.010056 0 
1606 0.023368 0 
1607 0.011754 0 
1608 0.010065 0 
1609 0.011027 0 
1610 0.012527 0 
1611 0.009191 0 
1612 0.009467 0 
1613 0.014913 0 
1614 0.009033 0 
1615 0.015329 0 
1616 0.009065 0 
1617 0.012975 0 
1618 0.008548 0 
1619 0.008442 0 
1620 0.014443 0 
1621 0.008734 0 
1622 0.019296 0 
1623 0.011047 0 
1624 0.013341 0 
1625 0.009798 0 
1626 0.013428 0 
1627 0.007011 0 
1628 0.008449 0 
1629 0.008925 0 
1630 0.010091 0 
1631 0.009414 0 
1632 0.008816 0 
1633 0.015362 0 
1634 0.011455 0 
1635 0.018582 0 
1636 0.014400 0 
1637 0.017603 0 
1638 0.008521 0 
1639 0.019734 0 
1640 0.012112 0 
1641 0.010577 0 
1642 0.021046 0 
1643 0.012800 0 
1644 0.008484 0 
1645 0.008916 0 
1646 0.008904 0 
1647 0.015894 0 
1648 0.008533 0 
1649 0.007964 0 
1650 0.014976 0 
1651 0.008628 0 
1652 0.015506 0 
1653 0.008846 0 
1654 0.014498 0 
1655 0.014061 0 
1656 0.013998 0 
1657 0.016667 0 
1658 0.009549 0 
1659 0.016645 0 
1660 0.016090 0 
1661 0.015292 0 
1662 0.012897 0 
1663 0.015635 0 
1664 0.014370 0 
1665 0.011099 0 
1666 0.009383 0 
1667 0.018413 0 
1668 0.017239 0 
1658 0.188208 1 
1659 0.173439 1 
1660 0.156924 1 
1661 0.140095 1 
1662 0.123547 1 
1663 0.107145 1 
1664 0.090734 1 
1665 0.074350 1 
1666 0.057957 1 
1667 0.041290 1 
1668 0.024886 1 
1669 0.011804 0 
1669 0.011854 1 
1670 0.006728 1 
1670 0.010178 0 
1671 0.007353 1 
1671 0.009933 0 
1672 0.005898 1 
1672 0.011087 0 
1673 0.011644 1 
1673 0.014344 0 
1674 0.007822 1 
1674 0.009717 0 
1675 0.006576 1 
1675 0.016307 0 
1676 0.009602 1 
1676 0.010745 0 
1677 0.006670 1 
1677 0.017295 0 
1678 0.005395 1 
1678 0.013023 0 
1679 0.006403 1 
1679 0.009658 0 
1680 0.005444 1 
1680 0.016200 0 
1681 0.004808 1 
1681 0.009174 0 
1682 0.005831 1 
1682 0.008502 0 
1683 0.008645 1 
1683 0.010846 0 
1684 0.006913 1 
1684 0.016098 0 
1685 0.005662 1 
1685 0.009855 0 
1686 0.005740 1 
1686 0.017093 0 
1687 0.005453 1 
1687 0.012321 0 
1688 0.006558 1 
1688 0.016214 0 
1689 0.006166 1 
1689 0.025232 0 
1690 0.008785 1 
1690 0.013022 0 
1691 0.009218 1 
1691 0.015171 0 
1692 0.005629 1 
1692 0.011791 0 
1693 0.005837 1 
1693 0.017563 0 
1694 0.010767 1 
1694 0.011064 0 
1695 0.005656 1 
1695 0.011658 0 
1696 0.006794 1 
1696 0.011570 0 
1697 0.009163 1 
1697 0.011476 0 
1698 0.007131 1 
1698 0.012841 0 
1699 0.010457 1 
1699 0.017893 0 
1700 0.007578 1 
1700 0.014693 0 
1701 0.005822 1 
1701 0.014252 0 
1702 0.005955 1 
1702 0.011989 0 
1703 0.006684 1 
1703 0.009421 0 
1704 0.006674 1 
1704 0.015264 0 
1705 0.005150 1 
1705 0.009351 0 
1706 0.009689 1 
1706 0.014784 0 
1707 0.005907 1 
1707 0.015324 0 
1708 0.005615 1 
1708 0.010641 0 
1709 0.005815 1 
1709 0.008257 0 
1710 0.007734 1 
1710 0.014754 0 
1711 0.006948 1 
1711 0.014080 0 
1712 0.007564 1 
1712 0.012207 0 
1713 0.006702 1 
1713 0.017101 0 
1714 0.005530 1 
1714 0.011804 0 
1715 0.006802 1 
1715 0.008904 0 
1716 0.007903 1 
1716 0.018929 0 
1717 0.005818 1 
1717 0.012863 0 
1718 0.005649 1 
1718 0.008691 0 
1719 0.018959 0 
1720 0.009513 0 
1721 0.008505 0 
1722 0.012051 0 
1723 0.008868 0 
1724 0.013219 0 
1725 0.008720 0 
1726 0.010513 0 
1727 0.018006 0 
1728 0.010092 0 
1729 0.013497 0 
1730 0.015372 0 
1731 0.008546 0 
1732 0.009094 0 
1733 0.008661 0 
1734 0.008888 0 
1735 0.009499 0 
1736 0.010397 0 
1737 0.008559 0 
1738 0.008593 0 
1739 0.016653 0 
1740 0.009907 0 
1741 0.008587 0 
1742 0.008734 0 
1743 0.009042 0 
1744 0.008547 0 
1745 0.008522 0 
1746 0.012454 0 
1747 0.010252 0 
1748 0.008780 0 
1749 0.013696 0 
1750 0.020254 0 
1751 0.008370 0 
1752 0.008895 0 
1753 0.008926 0 
1754 0.007981 0 
1755 0.008708 0 
1756 0.009136 0 
1757 0.008396 0 
1758 0.008390 0 
1759 0.008511 0 
1760 0.020043 0 
1761 0.008766 0 
1762 0.010077 0 
1763 0.012418 0 
1764 0.016154 0 
1765 0.014719 0 
1766 0.012122 0 
1767 0.017654 0 
1768 0.014085 0 
1769 0.008675 0 
1770 0.014360 0 
1771 0.008373 0 
1772 0.015837 0 
1773 0.008914 0 
1774 0.008833 0 
1775 0.009132 0 
1776 0.016030 0 
1777 0.010731 0 
1778 0.008989 0 
1779 0.013924 0 
1780 0.017500 0 
1781 0.009109 1 
1781 0.010443 0 
1782 0.011123 1 
1782 0.017558 0 
1783 0.009061 0 
1783 0.009110 1 
1784 0.007657 1 
1784 0.009204 0 
1785 0.005239 1 
1785 0.011268 0 
1786 0.010660 0 
1786 0.010721 1 
1787 0.009084 1 
1787 0.014929 0 
1788 0.011222 1 
1788 0.015597 0 
1789 0.005339 1 
1789 0.018286 0 
1790 0.005190 1 
1790 0.014536 0 
1791 0.005343 1 
1791 0.010632 0 
1792 0.006927 1 
1792 0.013262 0 
1793 0.015046 1 
1793 0.018698 0 
1794 0.006171 1 
1794 0.010297 0 
1795 0.013524 1 
1795 0.013757 0 
1796 0.006755 1 
1796 0.012975 0 
1797 0.009438 1 
1797 0.013213 0 
1798 0.007657 1 
1798 0.017025 0 
1799 0.008676 1 
1799 0.008736 0 
1800 0.006228 1 
1800 0.018982 0 
1801 0.005941 1 
1801 0.012907 0 
1802 0.005314 1 
1802 0.008853 0 
1803 0.007632 1 
1803 0.017527 0 
1804 0.010647 1 
1804 0.010708 0 
1805 0.008564 1 
1805 0.015402 0 
1806 0.008450 1 
1806 0.014965 0 
1807 0.006913 1 
1807 0.010879 0 
1808 0.006611 1 
1808 0.019285 0 
1809 0.006251 1 
1809 0.011060 0 
1810 0.013219 0 
1810 0.013301 1 
1811 0.006883 1 
1811 0.019982 0 
1812 0.006637 1 
1812 0.011982 0 
1813 0.005760 1 
1813 0.008525 0 
1814 0.008384 1 
1814 0.023328 0 
1815 0.006882 1 
1815 0.009494 0 
1816 0.007828 1 
1816 0.009870 0 
1817 0.007869 1 
1817 0.015445 0 
1818 0.004912 1 
1818 0.009050 0 
1819 0.009143 1 
1819 0.015772 0 
1820 0.004194 1 
1820 0.012479 0 
1821 0.005928 1 
1821 0.014519 0 
1822 0.006603 1 
1822 0.009135 0 
1823 0.005947 1 
1823 0.014145 0 
1824 0.006763 1 
1824 0.011384 0 
1825 0.006417 1 
1825 0.015875 0 
1826 0.005636 1 
1826 0.008761 0 
1827 0.005965 1 
1827 0.012655 0 
1828 0.005173 1 
1828 0.007867 0 
1829 0.005714 1 
1829 0.011447 0 
1830 0.006511 1 
1830 0.008799 0 
1831 0.006908 1 
1831 0.009830 0 
1832 0.004979 1 
1832 0.015091 0 
1833 0.004965 1 
1833 0.009561 0 
1834 0.009473 1 
1834 0.018393 0 
1835 0.008928 1 
1835 0.012084 0 
1836 0.014716 0 
1836 0.015930 1 
1837 0.006654 1 
1837 0.008879 0 
1838 0.006946 1 
1838 0.016205 0 
1839 0.007283 1 
1839 0.009877 0 
1840 0.008887 1 
1840 0.020323 0 
1841 0.008303 1 
1841 0.011960 0 
1842 0.005621 1 
1842 0.010750 0 
1843 0.007877 1 
1843 0.007999 0 
1844 0.007429 1 
1844 0.017648 0 
1845 0.007131 1 
1845 0.009194 0 
1846 0.007812 1 
1846 0.010480 0 
1847 0.011789 1 
1847 0.014275 0 
1848 0.008363 1 
1848 0.011452 0 
1849 0.005847 1 
1849 0.008438 0 
1850 0.010922 1 
1850 0.011017 0 
1851 0.007536 0 
1851 0.007639 1 
1852 0.006267 1 
1852 0.009493 0 
1853 0.008786 1 
1853 0.008876 0 
1854 0.008396 1 
1854 0.008455 0 
1855 0.005469 1 
1855 0.016726 0 
1856 0.006598 1 
1856 0.010718 0 
1857 0.009769 1 
1857 0.011291 0 
1858 0.006625 1 
1858 0.010872 0 
1859 0.009478 0 
1859 0.011228 1 
1860 0.005599 1 
1860 0.009151 0 
1861 0.008385 1 
1861 0.008999 0 
1862 0.006341 1 
1862 0.009859 0 
1863 0.007067 1 
1863 0.014766 0 
1864 0.009336 1 
1864 0.010842 0 
1865 0.007259 1 
1865 0.014332 0 
1866 0.005738 1 
1866 0.011251 0 
1867 0.015599 0 
1867 0.015682 1 
1868 0.005188 1 
1868 0.008559 0 
1869 0.006083 1 
1869 0.008448 0 
1870 0.005316 1 
1870 0.012580 0 
1871 0.005835 1 
1871 0.013779 0 
1872 0.006970 1 
1872 0.015069 0 
1873 0.007056 1 
1873 0.010250 0 
1874 0.011796 1 
1874 0.011860 0 
1875 0.011784 1 
1875 0.015175 0 
1876 0.007974 1 
1876 0.016181 0 
1877 0.005001 1 
1877 0.016623 0 
1878 0.009409 1 
1878 0.014462 0 
1879 0.006311 1 
1879 0.009936 0 
1880 0.009919 1 
1880 0.013055 0 
1881 0.009607 1 
1881 0.016332 0 
1882 0.006913 1 
1882 0.007927 0 
1883 0.006660 1 
1883 0.016978 0 
1884 0.010104 1 
1884 0.012355 0 
1885 0.009537 1 
1885 0.014197 0 
1886 0.004976 1 
1886 0.014335 0 
1887 0.012430 1 
1887 0.012493 0 
1888 0.006537 1 
1888 0.012116 0 
1889 0.008823 1 
1889 0.013666 0 
1890 0.005547 1 
1890 0.012120 0 
1891 0.006350 1 
1891 0.010458 0 
1892 0.008562 1 
1892 0.015283 0 
1893 0.007473 1 
1893 0.010258 0 
1894 0.008388 1 
1894 0.018157 0 
1895 0.010607 1 
1895 0.012406 0 
1896 0.005414 1 
1896 0.015423 0 
1897 0.007024 1 
1897 0.014657 0 
1898 0.006435 1 
1898 0.014706 0 
1899 0.007580 1 
1899 0.015496 0 
1900 0.006835 1 
1900 0.011329 0 
1901 0.008547 1 
1901 0.010588 0 
1902 0.007810 1 
1902 0.013762 0 
1903 0.009901 0 
1903 0.010132 1 
1904 0.007700 1 
1904 0.014239 0 
1905 0.006261 1 
1905 0.009192 0 
1906 0.008128 1 
1906 0.008214 0 
1907 0.005438 1 
1907 0.015663 0 
1908 0.007466 1 
1908 0.008682 0 
1909 0.009179 1 
1909 0.012969 0 
1910 0.008929 1 
1910 0.009012 0 
1911 0.006900 1 
1911 0.012357 0 
1912 0.006716 1 
1912 0.012163 0 
1913 0.005351 1 
1913 0.008902 0 
1914 0.008969 1 
1914 0.014119 0 
1915 0.007199 1 
1915 0.010236 0 
1916 0.009138 0 
1916 0.009371 1 
1917 0.006454 1 
1917 0.007771 0 
1918 0.006234 1 
1918 0.008945 0 
1919 0.008611 1 
1919 0.019149 0 
1920 0.009230 1 
1920 0.011137 0 
1921 0.006374 1 
1921 0.019786 0 
1922 0.010459 0 
1922 0.010541 1 
1923 0.009904 1 
1923 0.018086 0 
1924 0.009217 1 
1924 0.012452 0 
1925 0.007432 1 
1925 0.013078 0 
1926 0.008635 1 
1926 0.013684 0 
1927 0.007286 1 
1927 0.016183 0 
1928 0.005158 1 
1928 0.009019 0 
1929 0.007582 1 
1929 0.015249 0 
1930 0.010260 1 
1930 0.010340 0 
1931 0.008702 1 
1931 0.015212 0 
1932 0.006059 1 
1932 0.014152 0 
1933 0.005303 1 
1933 0.008981 0 
1934 0.010989 1 
1934 0.013738 0 
1935 0.006311 1 
1935 0.008779 0 
1936 0.007731 1 
1936 0.009508 0 
1937 0.006101 1 
1937 0.015570 0 
1938 0.008107 1 
1938 0.010519 0 
1939 0.008509 1 
1939 0.014468 0 
1940 0.009533 1 
1940 0.009614 0 
1941 0.011283 1 
1941 0.012155 0 
1942 0.005804 1 
1942 0.007933 0 
1943 0.008857 0 
1943 0.008921 1 
1944 0.008990 1 
1944 0.014722 0 
1945 0.009026 1 
1945 0.017253 0 
1946 0.009293 1 
1946 0.010912 0 
1947 0.008946 1 
1947 0.015087 0 
1948 0.009413 1 
1948 0.014825 0 
1949 0.011966 1 
1949 0.013361 0 
1950 0.008744 1 
1950 0.010530 0 
1951 0.008948 1 
1951 0.015093 0 
1952 0.010672 0 
1952 0.012442 1 
1953 0.005884 1 
1953 0.010809 0 
1954 0.007855 1 
1954 0.009048 0 
1955 0.007155 1 
1955 0.011072 0 
1956 0.008897 0 
1956 0.010462 1 
1957 0.006611 1 
1957 0.014938 0 
1958 0.006974 1 
1958 0.013676 0 
1959 0.006090 1 
1959 0.009074 0 
1960 0.007715 1 
1960 0.007783 0 
1961 0.010811 1 
1961 0.016403 0 
1962 0.005498 1 
1962 0.009812 0 
1963 0.008784 0 
1963 0.012278 1 
1964 0.007194 1 
1964 0.010930 0 
1965 0.011128 1 
1965 0.012400 0 
1966 0.006109 1 
1966 0.009024 0 
1967 0.007925 1 
1967 0.017006 0 
1968 0.008678 1 
1968 0.012038 0 
1969 0.011808 1 
1969 0.018444 0 
1970 0.007057 1 
1970 0.010067 0 
1971 0.008507 1 
1971 0.009779 0 
1972 0.009159 1 
1972 0.009229 0 
1973 0.010676 0 
1973 0.010736 1 
1974 0.008428 1 
1974 0.013827 0 
1975 0.009946 0 
1975 0.014257 1 
1976 0.011713 1 
1976 0.014588 0 
1977 0.009735 1 
1977 0.010628 0 
1978 0.009029 1 
1978 0.014163 0 
1979 0.009898 0 
1979 0.010129 1 
1980 0.011574 1 
1980 0.012638 0 
1981 0.007730 1 
1981 0.013264 0 
1982 0.008814 1 
1982 0.013159 0 
1983 0.007638 0 
1983 0.010279 1 
1984 0.009457 1 
1984 0.012160 0 
1985 0.008881 0 
1985 0.010265 1 
1986 0.007637 1 
1986 0.014204 0 
1987 0.007641 1 
1987 0.013342 0 
1988 0.008450 1 
1988 0.013051 0 
1989 0.011505 1 
1989 0.013109 0 
1990 0.007593 1 
1990 0.012632 0 
1991 0.011139 1 
1991 0.011209 0 
1992 0.007508 1 
1992 0.013296 0 
1993 0.006857 1 
1993 0.010036 0 
1994 0.009741 1 
1994 0.019626 0 
1995 0.009273 1 
1995 0.014354 0 
1996 0.009856 0 
1996 0.010075 1 
1997 0.007045 1 
1997 0.011499 0 
1998 0.007646 1 
1998 0.008959 0 
1999 0.009593 1 
1999 0.014167 0 
2000 0.009426 1 
2000 0.014794 0 
2001 0.005882 1 
2001 0.011625 0 
2002 0.007744 1 
2002 0.014296 0 
2003 0.007317 1 
2003 0.013271 0 
2004 0.006654 1 
2004 0.012906 0 
2005 0.009205 1 
2005 0.017868 0 
2006 0.010292 1 
2006 0.010369 0 
2007 0.009713 1 
2007 0.013222 0 
2008 0.007872 1 
2008 0.012616 0 
2009 0.008370 1 
2009 0.008424 0 
2010 0.010624 1 
2010 0.015977 0 
2011 0.009109 0 
2011 0.009172 1 
2012 0.014073 1 
2012 0.018195 0 
2013 0.009062 0 
2013 0.015627 1 
2014 0.009827 1 
2014 0.009904 0 
2015 0.009315 1 
2015 0.013929 0 
2016 0.008970 0 
2016 0.010332 1 
2017 0.007876 1 
2017 0.014374 0 
2018 0.005828 1 
2018 0.012726 0 
2019 0.009209 1 
2019 0.012331 0 
2020 0.010762 1 
2020 0.012987 0 
2021 0.008149 1 
2021 0.013595 0 
2022 0.009369 1 
2022 0.015540 0 
2023 0.007749 1 
2023 0.009459 0 
2024 0.007457 1 
2024 0.009135 0 
2025 0.008440 1 
2025 0.012451 0 
2026 0.008814 0 
2026 0.008878 1 
2027 0.009649 1 
2027 0.015734 0 
2028 0.007727 0 
2028 0.011089 1 
2029 0.006653 1 
2029 0.012135 0 
2030 0.010714 1 
2030 0.014688 0 
2031 0.006581 1 
2031 0.007509 0 
2032 0.008034 1 
2032 0.013039 0 
2033 0.007610 1 
2033 0.010994 0 
2034 0.014282 1 
2034 0.014584 0 
2035 0.013627 1 
2035 0.013697 0 
2036 0.005885 1 
2036 0.010583 0 
2037 0.008859 0 
2037 0.010615 1 
2038 0.009574 1 
2038 0.012761 0 
2039 0.009129 1 
2039 0.014169 0 
2040 0.006896 1 
2040 0.007836 0 
2041 0.008002 0 
2041 0.009237 1 
2042 0.008488 1 
2042 0.012882 0 
2043 0.010062 0 
2043 0.010132 1 
2044 0.013059 1 
2044 0.013352 0 
2045 0.010702 1 
2045 0.017062 0 
2046 0.006814 1 
2046 0.018258 0 
2047 0.010027 1 
2047 0.011501 0 
2048 0.012442 0 
2048 0.012521 1 
2049 0.008905 1 
2049 0.012705 0 
2050 0.009420 0 
2050 0.009479 1 
2051 0.012580 1 
2051 0.014269 0 
2052 0.009095 1 
2052 0.009145 0 
2053 0.017388 1 
2053 0.017465 0 
2054 0.011005 0 
2054 0.011206 1 
2055 0.010102 1 
2055 0.013357 0 
2056 0.009818 1 
2056 0.012491 0 
2057 0.006800 1 
2057 0.008671 0 
2058 0.015014 1 
2058 0.017973 0 
2059 0.008220 1 
2059 0.008265 0 
2060 0.006732 1 
2060 0.013059 0 
2061 0.007963 0 
2061 0.009722 1 
2062 0.015213 1 
2062 0.015272 0 
2063 0.008269 0 
2063 0.009371 1 
2064 0.013402 1 
2064 0.013463 0 
2065 0.008204 1 
2065 0.008261 0 
2066 0.006778 1 
2066 0.007671 0 
2067 0.007953 0 
2067 0.008032 1 
2068 0.010622 1 
2068 0.013224 0 
2069 0.008754 1 
2069 0.014720 0 
2070 0.007312 1 
2070 0.014120 0 
2071 0.007854 0 
2071 0.010169 1 
2072 0.009781 1 
2072 0.013958 0 
2073 0.009631 1 
2073 0.012496 0 
2074 0.010767 1 
2074 0.013956 0 
2075 0.009356 0 
2075 0.010551 1 
2076 0.013112 1 
2076 0.015800 0 
2077 0.008149 1 
2077 0.014284 0 
2078 0.010463 1 
2078 0.012553 0 
2079 0.007890 1 
2079 0.012350 0 
2080 0.007217 1 
2080 0.013047 0 
2081 0.010110 0 
2081 0.010175 1 
2082 0.008689 1 
2082 0.013970 0 
2083 0.010194 1 
2083 0.011369 0 
2084 0.009112 0 
2084 0.009175 1 
2085 0.014593 0 
2085 0.026356 1 
2086 0.010104 0 
2086 0.010362 1 
2087 0.008400 1 
2087 0.012514 0 
2088 0.008501 0 
2088 0.011838 1 
2089 0.008823 1 
2089 0.013628 0 
2090 0.017224 1 
2090 0.017285 0 
2091 0.010800 0 
2091 0.010852 1 
2092 0.010587 1 
2092 0.010680 0 
2093 0.007063 0 
2093 0.011055 1 
2094 0.007853 1 
2094 0.012563 0 
2095 0.007947 1 
2095 0.010784 0 
2096 0.007822 0 
2096 0.013061 1 
2097 0.013489 1 
2097 0.013919 0 
2098 0.006672 1 
2098 0.014054 0 
2099 0.011691 1 
2099 0.014501 0 
2100 0.009197 1 
2100 0.013904 0 
2101 0.011870 1 
2101 0.011918 0 
2102 0.007731 1 
2102 0.011030 0 
2103 0.008803 1 
2103 0.008970 0 
2104 0.010967 1 
2104 0.011033 0 
2105 0.007501 1 
2105 0.007559 0 
2106 0.011500 1 
2106 0.014043 0 
2107 0.008381 1 
2107 0.010646 0 
2108 0.009766 0 
2108 0.009824 1 
2109 0.007565 1 
2109 0.013925 0 
2110 0.010994 0 
2110 0.011051 1 
2111 0.008525 0 
2111 0.010096 1 
2112 0.007032 1 
2112 0.008841 0 
2113 0.006323 0 
2113 0.008042 1 
2114 0.007464 0 
2114 0.009668 1 
2115 0.007029 1 
2115 0.008054 0 
2116 0.009541 1 
2116 0.018704 0 
2117 0.009446 1 
2117 0.012465 0 
2118 0.007966 0 
2118 0.010952 1 
2119 0.010947 1 
2119 0.013269 0 
2120 0.011974 0 
2120 0.012026 1 
2121 0.007382 0 
2121 0.014731 1 
2122 0.011856 1 
2122 0.014389 0 
2123 0.020114 1 
2123 0.020168 0 
2124 0.009811 0 
2124 0.011358 1 
2125 0.008026 0 
2125 0.012294 1 
2126 0.012517 1 
2126 0.013892 0 
2127 0.009705 0 
2127 0.009754 1 
2128 0.007322 1 
2128 0.011875 0 
2129 0.011866 0 
2129 0.012132 1 
2130 0.008071 0 
2130 0.009900 1 
2131 0.008835 0 
2131 0.011163 1 
2132 0.007190 1 
2132 0.008730 0 
2133 0.008311 0 
2133 0.008384 1 
2134 0.010849 1 
2134 0.013269 0 
2135 0.008010 1 
2135 0.012265 0 
2136 0.011001 1 
2136 0.012934 0 
2137 0.010940 1 
2137 0.015447 0 
2138 0.007548 1 
2138 0.009141 0 
2139 0.009871 1 
2139 0.014549 0 
2140 0.009200 1 
2140 0.011288 0 
2141 0.014482 0 
2141 0.014621 1 
2142 0.009876 1 
2142 0.013162 0 
2143 0.010807 0 
2143 0.010866 1 
2144 0.007392 0 
2144 0.009666 1 
2145 0.007835 0 
2145 0.007909 1 
2146 0.006837 1 
2146 0.012903 0 
2147 0.009036 0 
2147 0.013421 1 
2148 0.010854 1 
2148 0.014728 0 
2149 0.010669 0 
2149 0.010732 1 
2150 0.012712 1 
2150 0.017761 0 
2151 0.009291 1 
2151 0.014011 0 
2152 0.010283 0 
2152 0.010343 1 
2153 0.011389 1 
2153 0.013397 0 
2154 0.010735 0 
2154 0.010844 1 
2155 0.010181 1 
2155 0.011580 0 
2156 0.008754 1 
2156 0.012172 0 
2157 0.008807 1 
2157 0.008925 0 
2158 0.013828 1 
2158 0.013896 0 
2159 0.007106 1 
2159 0.009167 0 
2160 0.014767 1 
2160 0.018110 0 
2161 0.014185 0 
2161 0.014279 1 
2162 0.007672 0 
2162 0.013563 1 
2163 0.010088 1 
2163 0.013847 0 
2164 0.009332 1 
2164 0.017297 0 
2165 0.008321 1 
2165 0.010804 0 
2166 0.009163 1 
2166 0.013635 0 
2167 0.008492 0 
2167 0.008872 1 
2168 0.015751 0 
2168 0.016001 1 
2169 0.009144 1 
2169 0.012168 0 
2170 0.009591 1 
2170 0.016695 0 
2171 0.010861 1 
2171 0.010912 0 
2172 0.007837 1 
2172 0.010391 0 
2173 0.008548 1 
2173 0.011286 0 
2174 0.008948 1 
2174 0.012306 0 
2175 0.009934 1 
2175 0.014977 0 
2176 0.008118 0 
2176 0.009702 1 
2177 0.008298 1 
2177 0.021445 0 
2178 0.010454 0 
2178 0.013257 1 
2179 0.009470 1 
2179 0.014398 0 
2180 0.007234 1 
2180 0.011730 0 
2181 0.006453 1 
2181 0.013462 0 
2182 0.006529 1 
2182 0.007515 0 
2183 0.008824 1 
2183 0.011721 0 
2184 0.008703 0 
2184 0.011533 1 
2185 0.010007 0 
2185 0.011828 1 
2186 0.006733 1 
2186 0.008415 0 
2187 0.007944 1 
2187 0.011803 0 
2188 0.010026 1 
2188 0.010085 0 
2189 0.011399 1 
2189 0.012897 0 
2190 0.012552 1 
2190 0.012759 0 
2191 0.006407 1 
2191 0.010424 0 
2192 0.011090 1 
2192 0.013810 0 
2193 0.010521 0 
2193 0.012194 1 
2194 0.012501 0 
2195 0.011139 0 
2194 0.033852 1 
2195 0.021453 1 
2196 0.012734 0 
2196 0.013098 1 
2197 0.015910 1 
2197 0.015981 0 
2198 0.008939 0 
2198 0.009021 1 
2199 0.010006 1 
2199 0.011093 0 
2200 0.008685 1 
2200 0.010388 0 
2201 0.009598 0 
2201 0.012199 1 
2202 0.010742 1 
2202 0.017173 0 
2203 0.009199 1 
2203 0.014723 0 
2204 0.008816 1 
2204 0.008958 0 
2205 0.009606 1 
2205 0.012342 0 
2206 0.009977 1 
2206 0.013849 0 
2207 0.011340 1 
2207 0.011405 0 
2208 0.008622 1 
2208 0.010306 0 
2209 0.010845 1 
2209 0.014181 0 
2210 0.009350 1 
2210 0.012967 0 
2211 0.007404 0 
2211 0.014968 1 
2212 0.011129 1 
2212 0.017631 0 
2213 0.007108 1 
2213 0.009820 0 
2214 0.007532 1 
2214 0.013114 0 
2215 0.008431 1 
2215 0.010715 0 
2216 0.009587 1 
2216 0.014994 0 
2217 0.010028 1 
2217 0.012647 0 
2218 0.008597 0 
2218 0.011494 1 
2219 0.007830 0 
2219 0.008796 1 
2220 0.008284 0 
2220 0.009206 1 
2221 0.007928 0 
2221 0.010325 1 
2222 0.009887 1 
2222 0.012527 0 
2223 0.011358 0 
2223 0.011406 1 
2224 0.008217 0 
2224 0.009538 1 
2225 0.009974 1 
2225 0.011012 0 
2226 0.011328 0 
2226 0.011484 1 
2227 0.010222 1 
2227 0.012559 0 
2228 0.009226 1 
2228 0.009288 0 
2229 0.009501 0 
2229 0.014551 1 
2230 0.009693 1 
2230 0.012272 0 
2231 0.009737 1 
2231 0.013001 0 
2232 0.008572 1 
2232 0.010743 0 
2233 0.006629 1 
2233 0.010245 0 
2234 0.009576 1 
2234 0.011495 0 
2235 0.008654 1 
2235 0.013508 0 
2236 0.009842 0 
2236 0.012277 1 
2237 0.009231 1 
2237 0.012934 0 
2238 0.009141 0 
2238 0.009190 1 
2239 0.016380 1 
2239 0.018081 0 
2240 0.008934 1 
2240 0.009002 0 
2241 0.008264 1 
2241 0.009884 0 
2242 0.007235 1 
2242 0.014987 0 
2243 0.010166 0 
2243 0.011597 1 
2244 0.006321 1 
2244 0.008795 0 
2245 0.009308 1 
2245 0.013553 0 
2246 0.009520 1 
2246 0.013806 0 
2247 0.010432 1 
2247 0.010494 0 
2248 0.010008 1 
2248 0.013043 0 
2249 0.007965 0 
2249 0.009861 1 
2250 0.011129 1 
2250 0.014011 0 
2251 0.009169 1 
2251 0.009233 0 
2252 0.008460 1 
2252 0.013998 0 
2253 0.009640 0 
2253 0.011384 1 
2254 0.008718 1 
2254 0.011762 0 
2255 0.008836 1 
2255 0.011473 0 
2256 0.009388 1 
2256 0.013775 0 
2257 0.009649 1 
2257 0.012842 0 
2258 0.010782 1 
2258 0.014636 0 
2259 0.007900 1 
2259 0.012297 0 
2260 0.012632 0 
2260 0.012692 1 
2261 0.009284 0 
2261 0.009670 1 
2262 0.009282 1 
2262 0.013497 0 
2263 0.008132 1 
2263 0.011992 0 
2264 0.009749 1 
2264 0.013524 0 
2265 0.008568 1 
2265 0.008771 0 
2266 0.010755 1 
2266 0.010931 0 
2267 0.009692 0 
2267 0.011933 1 
2268 0.011469 0 
2268 0.011537 1 
2269 0.008047 0 
2269 0.011172 1 
2270 0.008700 0 
2270 0.014300 1 
2271 0.008896 1 
2271 0.012337 0 
2272 0.013778 1 
2272 0.014050 0 
2273 0.009012 0 
2273 0.011939 1 
2274 0.012996 1 
2274 0.013048 0 
2275 0.010911 1 
2275 0.012617 0 
2276 0.008232 1 
2276 0.011289 0 
2277 0.007977 0 
2277 0.008088 1 
2278 0.013913 0 
2278 0.013998 1 
2279 0.009408 1 
2279 0.011882 0 
2280 0.008600 1 
2280 0.010847 0 
2281 0.007256 1 
2281 0.011719 0 
2282 0.007856 1 
2282 0.010448 0 
2283 0.006899 1 
2283 0.008601 0 
2284 0.008325 0 
2284 0.009913 1 
2285 0.011544 1 
2285 0.013973 0 
2286 0.007269 1 
2286 0.017236 0 
2287 0.011376 0 
2287 0.012510 1 
2288 0.008287 0 
2288 0.009632 1 
2289 0.010199 1 
2289 0.013163 0 
2290 0.008359 1 
2290 0.010135 0 
2291 0.011402 1 
2291 0.014923 0 
2292 0.010263 1 
2292 0.011486 0 
2293 0.011700 1 
2293 0.011760 0 
2294 0.009464 1 
2294 0.009522 0 
2295 0.007886 0 
2295 0.009602 1 
2296 0.008628 0 
2296 0.008907 1 
2297 0.010928 1 
2297 0.015647 0 
2298 0.013314 1 
2298 0.013379 0 
2299 0.011983 1 
2299 0.012043 0 
2300 0.012301 1 
2300 0.012363 0 
2301 0.015576 0 
2301 0.027284 1 
2302 0.011306 1 
2302 0.011359 0 
2303 0.009979 1 
2303 0.010034 0 
2304 0.010709 1 
2304 0.013451 0 
2305 0.008730 0 
2305 0.013518 1 
2306 0.007706 0 
2306 0.007827 1 
2307 0.016852 1 
2307 0.016913 0 
2308 0.010632 1 
2308 0.014908 0 
2309 0.010910 1 
2309 0.013250 0 
2310 0.011564 1 
2310 0.014266 0 
2311 0.008886 1 
2311 0.012072 0 
2312 0.007746 1 
2312 0.012604 0 
2313 0.009184 0 
2313 0.010911 1 
2314 0.011227 0 
2314 0.011406 1 
2315 0.008774 1 
2315 0.015934 0 
2316 0.008781 0 
2316 0.013083 1 
2317 0.010089 1 
2317 0.012584 0 
2318 0.010066 1 
2318 0.011780 0 
2319 0.008489 1 
2319 0.013874 0 
2320 0.010266 1 
2320 0.012039 0 
2321 0.011582 1 
2321 0.013458 0 
2322 0.007327 0 
2322 0.010976 1 
2323 0.008878 1 
2323 0.012964 0 
2324 0.007428 1 
2324 0.007505 0 
2325 0.010071 1 
2325 0.013483 0 
2326 0.008548 1 
2326 0.014478 0 
2327 0.007738 1 
2327 0.012156 0 
2328 0.008708 1 
2328 0.012064 0 
2329 0.007500 1 
2329 0.007549 0 
2330 0.011018 1 
2330 0.015566 0 
2331 0.008404 0 
2331 0.010186 1 
2332 0.008641 0 
2332 0.008711 1 
2333 0.010549 0 
2333 0.010640 1 
2334 0.006508 0 
2334 0.008638 1 
2335 0.008000 0 
2335 0.009708 1 
2336 0.010972 0 
2336 0.014192 1 
2337 0.009067 0 
2337 0.023420 1 
2338 0.009667 1 
2338 0.013875 0 
2339 0.011161 1 
2339 0.011228 0 
2340 0.008629 0 
2340 0.008700 1 
2341 0.008131 1 
2341 0.012387 0 
2342 0.008392 0 
2342 0.010228 1 
2343 0.007542 0 
2343 0.009233 1 
2344 0.012025 1 
2344 0.012136 0 
2345 0.012752 1 
2345 0.013191 0 
2346 0.009223 1 
2346 0.014949 0 
2347 0.010240 0 
2347 0.010282 1 
2348 0.006380 1 
2348 0.009617 0 
2349 0.008300 0 
2349 0.010440 1 
2350 0.010500 1 
2350 0.010545 0 
2351 0.013737 1 
2351 0.013875 0 
2352 0.010839 1 
2352 0.011505 0 
2353 0.007723 0 
2353 0.016218 1 
2354 0.014234 1 
2354 0.020359 0 
2355 0.006596 0 
2355 0.006645 1 
2356 0.008459 1 
2356 0.008539 0 
2357 0.007929 1 
2357 0.016451 0 
2358 0.008212 0 
2358 0.009743 1 
2359 0.007212 0 
2359 0.011863 1 
2360 0.011186 1 
2360 0.019250 0 
2361 0.012152 1 
2361 0.013547 0 
2362 0.011914 1 
2362 0.011989 0 
2363 0.011616 1 
2363 0.013802 0 
2364 0.013611 1 
2364 0.014999 0 
2365 0.009756 0 
2365 0.009821 1 
2366 0.010901 1 
2366 0.020171 0 
2367 0.010806 0 
2367 0.010957 1 
2368 0.010302 0 
2368 0.011640 1 
2369 0.005790 1 
2369 0.014366 0 
2370 0.012648 1 
2370 0.014804 0 
2371 0.008701 1 
2371 0.008766 0 
2372 0.010828 1 
2372 0.015035 0 
2373 0.009395 1 
2373 0.011735 0 
2374 0.009290 1 
2374 0.015266 0 
2375 0.013036 0 
2375 0.013093 1 
2376 0.008137 1 
2376 0.012375 0 
2377 0.010200 1 
2377 0.014844 0 
2378 0.009250 0 
2378 0.009312 1 
2379 0.007998 0 
2379 0.010255 1 
2380 0.012832 1 
2380 0.012994 0 
2381 0.008070 0 
2381 0.010336 1 
2382 0.014528 1 
2382 0.020395 0 
2383 0.011274 1 
2383 0.015323 0 
2384 0.013480 1 
2384 0.013537 0 
2385 0.015468 1 
2385 0.015521 0 
2386 0.007713 0 
2386 0.013092 1 
2387 0.009831 1 
2387 0.010064 0 
2388 0.013155 1 
2388 0.015201 0 
2389 0.012685 1 
2389 0.012759 0 
2390 0.008084 1 
2390 0.009279 0 
2391 0.009950 1 
2391 0.013897 0 
2392 0.008797 1 
2392 0.016428 0 
2393 0.010739 1 
2393 0.012062 0 
2394 0.009386 1 
2394 0.013270 0 
2395 0.010307 1 
2395 0.010378 0 
2396 0.008875 0 
2396 0.008938 1 
2397 0.008980 1 
2397 0.012320 0 
2398 0.011172 1 
2398 0.012270 0 
2399 0.009903 0 
2399 0.009988 1 
2400 0.009150 1 
2400 0.013274 0 
2401 0.007955 1 
2401 0.010116 0 
2402 0.011649 1 
2402 0.014714 0 
2403 0.010294 1 
2403 0.012533 0 
2404 0.008280 1 
2404 0.011619 0 
2405 0.008055 0 
2405 0.009780 1 
2406 0.009628 1 
2406 0.009704 0 
2407 0.011940 1 
2407 0.013817 0 
2408 0.010165 1 
2408 0.011216 0 
2409 0.011950 0 
2409 0.012027 1 
2410 0.009219 0 
2410 0.013531 1 
2411 0.011919 1 
2411 0.014446 0 
2412 0.011637 1 
2412 0.012461 0 
2413 0.007802 0 
2413 0.009164 1 
2414 0.011462 1 
2414 0.012846 0 
2415 0.008897 1 
2415 0.013570 0 
2416 0.011225 0 
2416 0.012434 1 
2417 0.009780 1 
2417 0.013220 0 
2418 0.010044 1 
2418 0.013840 0 
2419 0.009031 1 
2419 0.012582 0 
2420 0.009852 1 
2420 0.011040 0 
2421 0.010994 0 
2421 0.011081 1 
2422 0.011773 1 
2422 0.011833 0 
2423 0.007681 1 
2423 0.012433 0 
2424 0.006617 1 
2424 0.008586 0 
2425 0.009403 1 
2425 0.013787 0 
2426 0.010220 1 
2426 0.012922 0 
2427 0.013459 1 
2427 0.013611 0 
2428 0.008755 1 
2428 0.013052 0 
2429 0.007308 0 
2429 0.009224 1 
2430 0.008669 1 
2430 0.010780 0 
2431 0.010951 1 
2431 0.013214 0 
2432 0.008080 0 
2432 0.009917 1 
2433 0.007255 0 
2433 0.008811 1 
2434 0.007804 1 
2434 0.009894 0 
2435 0.007025 1 
2435 0.009976 0 
2436 0.008038 0 
2436 0.010684 1 
2437 0.011834 0 
2437 0.011970 1 
2438 0.009191 1 
2438 0.013224 0 
2439 0.008638 0 
2439 0.008799 1 
2440 0.009158 1 
2440 0.014896 0 
2441 0.008220 0 
2441 0.009154 1 
2442 0.012690 1 
2442 0.012742 0 
2443 0.012014 1 
2443 0.013594 0 
2444 0.006495 1 
2444 0.013326 0 
2445 0.008231 0 
2445 0.008312 1 
2446 0.012984 1 
2446 0.013293 0 
2447 0.010090 1 
2447 0.010425 0 
2448 0.007041 0 
2448 0.010564 1 
2449 0.007192 0 
2449 0.010182 1 
2450 0.009608 0 
2450 0.012726 1 
2451 0.007144 1 
2451 0.008062 0 
2452 0.012422 1 
2452 0.013389 0 
2453 0.008085 0 
2453 0.008143 1 
2454 0.008726 0 
2454 0.010670 1 
2455 0.009127 1 
2455 0.012099 0 
2456 0.006620 1 
2456 0.008273 0 
2457 0.009476 1 
2457 0.009558 0 
2458 0.012089 1 
2458 0.012237 0 
2459 0.008899 1 
2459 0.008981 0 
2460 0.009255 1 
2460 0.015792 0 
2461 0.008642 1 
2461 0.008719 0 
2462 0.009169 1 
2462 0.011931 0 
2463 0.007291 1 
2463 0.008178 0 
2464 0.012342 0 
2464 0.015940 1 
2465 0.007626 1 
2465 0.009639 0 
2466 0.008099 1 
2466 0.013280 0 
2467 0.007987 0 
2467 0.008793 1 
2468 0.009027 0 
2468 0.010164 1 
2469 0.008111 0 
2469 0.010041 1 
2470 0.006788 1 
2470 0.009488 0 
2471 0.010586 1 
2471 0.013804 0 
2472 0.007238 1 
2472 0.012963 0 
2473 0.008939 0 
2473 0.010011 1 
2474 0.011714 0 
2474 0.012019 1 
2475 0.007017 1 
2475 0.008835 0 
2476 0.006633 1 
2476 0.009154 0 
2477 0.007771 1 
2477 0.009981 0 
2478 0.008193 0 
2478 0.010350 1 
2479 0.008020 0 
2479 0.009727 1 
2480 0.009774 0 
2480 0.009857 1 
2481 0.008749 1 
2481 0.008834 0 
2482 0.008272 1 
2482 0.008361 0 
2483 0.008177 0 
2483 0.011345 1 
2484 0.012301 1 
2484 0.012380 0 
2485 0.005484 1 
2485 0.011615 0 
2486 0.009581 1 
2486 0.014333 0 
2487 0.008680 1 
2487 0.008759 0 
2488 0.014367 1 
2488 0.014445 0 
2489 0.013915 0 
2490 0.014890 0 
2491 0.012501 0 
2492 0.013484 0 
2493 0.014295 0 
2489 0.084973 1 
2490 0.073669 1 
2491 0.057101 1 
2492 0.041480 1 
2493 0.024656 1 
2494 0.012615 1 
2494 0.014673 0 
2495 0.009856 1 
2495 0.013659 0 
2496 0.014091 1 
2496 0.014147 0 
2497 0.009799 1 
2497 0.012213 0 
2498 0.010120 1 
2498 0.013192 0 
2499 0.008215 0 
2499 0.010257 1 
2500 0.007027 1 
2500 0.011053 0 
2501 0.012765 1 
2501 0.014554 0 
2502 0.008399 1 
2502 0.009769 0 
2503 0.008777 1 
2503 0.014593 0 
2504 0.010188 1 
2504 0.013094 0 
2505 0.008554 1 
2505 0.012408 0 
2506 0.010898 1 
2506 0.014022 0 
2507 0.008784 0 
2507 0.009018 1 
2508 0.009995 1 
2508 0.012754 0 
2509 0.011146 1 
2509 0.011925 0 
2510 0.007906 0 
2510 0.007960 1 
2511 0.008157 0 
2511 0.008204 1 
2512 0.007995 1 
2512 0.014092 0 
2513 0.006480 1 
2513 0.009771 0 
2514 0.010820 1 
2514 0.015314 0 
2515 0.008825 1 
2515 0.008884 0 
2516 0.009299 1 
2516 0.009382 0 
2517 0.010226 1 
2517 0.010374 0 
2518 0.011230 1 
2518 0.014041 0 
2519 0.009342 1 
2519 0.012254 0 
2520 0.009790 1 
2520 0.012547 0 
2521 0.010505 1 
2521 0.012832 0 
2522 0.010430 1 
2522 0.014602 0 
2523 0.010606 1 
2523 0.014884 0 
2524 0.014025 1 
2524 0.014299 0 
2525 0.007097 1 
2525 0.012421 0 
2526 0.009205 1 
2526 0.009265 0 
2527 0.010930 1 
2527 0.012132 0 
2528 0.008577 0 
2528 0.008638 1 
2529 0.011059 1 
2529 0.014561 0 
2530 0.010847 1 
2530 0.013280 0 
2531 0.007795 0 
2531 0.013537 1 
2532 0.009705 1 
2532 0.014473 0 
2533 0.007326 1 
2533 0.012434 0 
2534 0.009917 0 
2534 0.011434 1 
2535 0.010537 1 
2535 0.014450 0 
2536 0.009373 1 
2536 0.009449 0 
2537 0.010293 1 
2537 0.015333 0 
2538 0.012283 1 
2538 0.012364 0 
2539 0.007815 1 
2539 0.009865 0 
2540 0.009746 1 
2540 0.012318 0 
2541 0.008775 0 
2541 0.008837 1 
2542 0.008686 1 
2542 0.014853 0 
2543 0.011559 1 
2543 0.014406 0 
2544 0.007460 1 
2544 0.013420 0 
2545 0.010135 1 
2545 0.013544 0 
2546 0.009117 1 
2546 0.013645 0 
2547 0.008646 1 
2547 0.016174 0 
2548 0.008493 1 
2548 0.008578 0 
2549 0.010140 1 
2549 0.015005 0 
2550 0.009442 0 
2550 0.009500 1 
2551 0.006993 1 
2551 0.013200 0 
2552 0.007098 1 
2552 0.010630 0 
2553 0.009553 1 
2553 0.011101 0 
2554 0.009971 1 
2554 0.014232 0 
2555 0.011490 0 
2555 0.027036 1 
2556 0.011723 0 
2557 0.010806 0 
2558 0.013862 0 
2559 0.013085 0 
2560 0.010765 0 
2556 0.076444 1 
2557 0.060126 1 
2558 0.043718 1 
2559 0.028493 1 
2560 0.012470 1 
2561 0.008324 1 
2561 0.013653 0 
2562 0.014557 1 
2562 0.014947 0 
2563 0.009606 1 
2563 0.012666 0 
2564 0.009595 1 
2564 0.012992 0 
2565 0.008401 1 
2565 0.011821 0 
2566 0.006302 1 
2566 0.013026 0 
2567 0.008081 0 
2567 0.008120 1 
2568 0.007149 1 
2568 0.008392 0 
2569 0.008109 1 
2569 0.008153 0 
2570 0.009822 1 
2570 0.009865 0 
2571 0.006795 1 
2571 0.008595 0 
2572 0.011175 0 
2572 0.011247 1 
2573 0.011819 1 
2573 0.012824 0 
2574 0.008173 1 
2574 0.011934 0 
2575 0.009375 1 
2575 0.011410 0 
2576 0.007236 0 
2576 0.016108 1 
2577 0.006822 1 
2577 0.010397 0 
2578 0.007032 1 
2578 0.014200 0 
2579 0.011468 1 
2579 0.013250 0 
2580 0.007192 1 
2580 0.012467 0 
2581 0.006602 1 
2581 0.007656 0 
2582 0.010508 1 
2582 0.014923 0 
2583 0.008431 0 
2583 0.012199 1 
2584 0.007762 1 
2584 0.009661 0 
2585 0.008856 1 
2585 0.011717 0 
2586 0.009144 1 
2586 0.014265 0 
2587 0.007758 1 
2587 0.011215 0 
2588 0.014276 1 
2588 0.019212 0 
2589 0.010694 0 
2589 0.010751 1 
2590 0.008946 1 
2590 0.014427 0 
2591 0.007215 0 
2591 0.010369 1 
2592 0.009123 0 
2592 0.009180 1 
2593 0.010319 1 
2593 0.013028 0 
2594 0.016485 0 
2594 0.017006 1 
2595 0.007392 0 
2595 0.009917 1 
2596 0.009248 1 
2596 0.013526 0 
2597 0.006634 1 
2597 0.011743 0 
2598 0.009015 1 
2598 0.009092 0 
2599 0.011104 1 
2599 0.018208 0 
2600 0.008322 0 
2600 0.009896 1 
2601 0.009046 1 
2601 0.013405 0 
2602 0.009348 1 
2602 0.013644 0 
2603 0.014453 0 
2603 0.020808 1 
2604 0.012245 1 
2604 0.013847 0 
2605 0.009801 1 
2605 0.013786 0 
2606 0.012455 1 
2606 0.014021 0 
2607 0.008842 1 
2607 0.008907 0 
2608 0.008929 0 
2608 0.011184 1 
2609 0.009965 1 
2609 0.014547 0 
2610 0.009090 1 
2610 0.009147 0 
2611 0.008185 1 
2611 0.014910 0 
2612 0.009038 0 
2612 0.011011 1 
2613 0.008219 1 
2613 0.017951 0 
2614 0.008660 1 
2614 0.010485 0 
2615 0.006717 1 
2615 0.007927 0 
2616 0.009163 1 
2616 0.013540 0 
2617 0.011468 1 
2617 0.014147 0 
2618 0.007628 1 
2618 0.012774 0 
2619 0.006583 1 
2619 0.010310 0 
2620 0.008394 1 
2620 0.016972 0 
2621 0.008571 0 
2621 0.011722 1 
2622 0.011527 1 
2622 0.016014 0 
2623 0.008172 0 
2623 0.008350 1 
2624 0.011534 1 
2624 0.011994 0 
2625 0.009748 1 
2625 0.016339 0 
2626 0.008443 0 
2626 0.011939 1 
2627 0.011100 1 
2627 0.013827 0 
2628 0.011425 0 
2629 0.012585 0 
2628 0.029042 1 
2630 0.012784 0 
2631 0.012416 0 
2632 0.014645 0 
2629 0.064775 1 
2630 0.048234 1 
2631 0.031734 1 
2632 0.016400 1 
2633 0.006891 1 
2633 0.010453 0 
2634 0.007107 1 
2634 0.008076 0 
2635 0.010446 0 
2635 0.010530 1 
2636 0.012047 0 
2636 0.012138 1 
2637 0.014566 1 
2637 0.014653 0 
2638 0.008100 1 
2638 0.011910 0 
2639 0.009275 0 
2639 0.009451 1 
2640 0.008620 0 
2640 0.008702 1 
2641 0.008145 1 
2641 0.010557 0 
2642 0.008176 1 
2642 0.012875 0 
2643 0.010836 1 
2643 0.010909 0 
2644 0.008476 1 
2644 0.018561 0 
2645 0.010894 0 
2645 0.011038 1 
2646 0.011993 1 
2646 0.012054 0 
2647 0.012671 0 
2647 0.012743 1 
2648 0.009650 1 
2648 0.014556 0 
2649 0.008379 0 
2649 0.012107 1 
2650 0.009617 1 
2650 0.012826 0 
2651 0.007071 1 
2651 0.008126 0 
2652 0.012640 0 
2652 0.012716 1 
2653 0.007699 1 
2653 0.015639 0 
2654 0.014516 1 
2654 0.016014 0 
2655 0.011488 0 
2655 0.014163 1 
2656 0.007001 1 
2656 0.013038 0 
2657 0.008514 0 
2657 0.009780 1 
2658 0.005764 1 
2658 0.012561 0 
2659 0.008759 0 
2659 0.010834 1 
2660 0.011025 1 
2660 0.012181 0 
2661 0.010109 1 
2661 0.011842 0 
2662 0.008707 0 
2662 0.008978 1 
2663 0.007064 1 
2663 0.012970 0 
2664 0.007551 1 
2664 0.009443 0 
2665 0.009154 0 
2665 0.009238 1 
2666 0.009248 1 
2666 0.009328 0 
2667 0.007686 1 
2667 0.008796 0 
2668 0.010793 1 
2668 0.013421 0 
2669 0.007979 1 
2669 0.009684 0 
2670 0.008824 1 
2670 0.011430 0 
2671 0.009802 1 
2671 0.010697 0 
2672 0.006225 1 
2672 0.008762 0 
2673 0.006124 1 
2673 0.009298 0 
2674 0.007506 1 
2674 0.007963 0 
2675 0.008269 1 
2675 0.010170 0 
2676 0.008451 0 
2676 0.011301 1 
2677 0.005878 1 
2677 0.006835 0 
2678 0.006554 1 
2678 0.008706 0 
2679 0.006622 1 
2679 0.008138 0 
2680 0.009499 1 
2680 0.011076 0 
2681 0.006354 1 
2681 0.008072 0 
2682 0.007852 1 
2682 0.009572 0 
2683 0.006859 0 
2683 0.011533 1 
2684 0.007233 1 
2684 0.007316 0 
2685 0.006405 1 
2685 0.011334 0 
2686 0.008627 1 
2686 0.008708 0 
2687 0.008337 1 
2687 0.010044 0 
2688 0.008500 0 
2688 0.008575 1 
2689 0.008051 1 
2689 0.009689 0 
2690 0.006008 1 
2690 0.014636 0 
2691 0.012065 1 
2691 0.012149 0 
2692 0.007292 1 
2692 0.013013 0 
2693 0.007520 1 
2693 0.009235 0 
2694 0.013953 0 
2694 0.014036 1 
2695 0.007065 1 
2695 0.012740 0 
2696 0.007897 1 
2696 0.014967 0 
2697 0.012211 1 
2697 0.014737 0 
2698 0.007650 0 
2698 0.010232 1 
2699 0.007664 1 
2699 0.014241 0 
2700 0.006514 1 
2700 0.009154 0 
2701 0.011158 0 
2701 0.013051 1 
2702 0.007449 1 
2702 0.020544 0 
2703 0.012221 0 
2704 0.008281 0 
2705 0.007964 0 
2703 0.062713 1 
2706 0.012849 0 
2704 0.047143 1 
2705 0.032311 1 
2706 0.017213 1 
2707 0.010269 1 
2707 0.010352 0 
2708 0.013391 1 
2708 0.013470 0 
2709 0.010703 1 
2709 0.015026 0 
2710 0.007939 1 
2710 0.009553 0 
2711 0.007609 1 
2711 0.009179 0 
2712 0.008381 1 
2712 0.008882 0 
2713 0.009766 0 
2713 0.010575 1 
2714 0.007181 1 
2714 0.009683 0 
2715 0.008864 0 
2715 0.011595 1 
2716 0.007832 1 
2716 0.011613 0 
2717 0.007568 1 
2717 0.010139 0 
2718 0.006116 1 
2718 0.007395 0 
2719 0.006400 1 
2719 0.009723 0 
2720 0.009334 1 
2720 0.013030 0 
2721 0.007204 1 
2721 0.008339 0 
2722 0.007699 1 
2722 0.011070 0 
2723 0.010631 1 
2723 0.014678 0 
2724 0.008329 0 
2724 0.008398 1 
2725 0.010849 1 
2725 0.014071 0 
2726 0.009286 1 
2726 0.013797 0 
2727 0.009873 1 
2727 0.015171 0 
2728 0.013608 1 
2728 0.013756 0 
2729 0.008520 1 
2729 0.013322 0 
2730 0.013141 1 
2730 0.017993 0 
2731 0.009640 0 
2731 0.009701 1 
2732 0.007695 1 
2732 0.016375 0 
2733 0.009157 0 
2733 0.009240 1 
2734 0.012017 1 
2734 0.012238 0 
2735 0.010734 1 
2735 0.010792 0 
2736 0.008658 0 
2736 0.008728 1 
2737 0.007303 1 
2737 0.011002 0 
2738 0.011956 1 
2738 0.012123 0 
2739 0.011666 1 
2739 0.014523 0 
2740 0.008237 0 
2740 0.010080 1 
2741 0.009014 0 
2741 0.009385 1 
2742 0.011176 1 
2742 0.012937 0 
2743 0.010918 1 
2743 0.010990 0 
2744 0.008797 1 
2744 0.013964 0 
2745 0.009110 0 
2745 0.009161 1 
2746 0.010627 1 
2746 0.014614 0 
2747 0.009294 1 
2747 0.011620 0 
2748 0.008209 1 
2748 0.009914 0 
2749 0.008472 1 
2749 0.008538 0 
2750 0.007377 1 
2750 0.011813 0 
2751 0.006674 1 
2751 0.012374 0 
2752 0.008277 0 
2752 0.010850 1 
2753 0.008486 0 
2753 0.008911 1 
2754 0.007683 0 
2754 0.008694 1 
2755 0.008806 1 
2755 0.011131 0 
2756 0.009450 1 
2756 0.012611 0 
2757 0.008973 0 
2757 0.012646 1 
2758 0.007773 1 
2758 0.012848 0 
2759 0.007914 0 
2759 0.009233 1 
2760 0.013536 1 
2760 0.013611 0 
2761 0.012408 1 
2761 0.013628 0 
2762 0.009815 1 
2762 0.012261 0 
2763 0.009185 1 
2763 0.014441 0 
2764 0.009035 0 
2764 0.015115 1 
2765 0.011202 1 
2765 0.012943 0 
2766 0.007849 1 
2766 0.011632 0 
2767 0.011245 1 
2767 0.012240 0 
2768 0.007674 0 
2768 0.007744 1 
2769 0.010740 1 
2769 0.013608 0 
2770 0.016135 1 
2770 0.016191 0 
2771 0.010314 0 
2771 0.016089 1 
2772 0.012314 0 
2773 0.012949 0 
2774 0.011320 0 
2772 0.060789 1 
2773 0.044131 1 
2774 0.027861 1 
2775 0.014487 0 
2775 0.014539 1 
2776 0.009119 1 
2776 0.016009 0 
2777 0.010409 0 
2777 0.012741 1 
2778 0.009210 1 
2778 0.014249 0 
2779 0.013258 0 
2779 0.013339 1 
2780 0.009616 1 
2780 0.014579 0 
2781 0.013074 1 
2781 0.015885 0 
2782 0.012305 1 
2782 0.013331 0 
2783 0.009209 0 
2783 0.009375 1 
2784 0.012784 1 
2784 0.014984 0 
2785 0.009252 1 
2785 0.009330 0 
2786 0.010447 1 
2786 0.014735 0 
2787 0.009056 1 
2787 0.013814 0 
2788 0.009470 1 
2788 0.015173 0 
2789 0.013449 1 
2789 0.013608 0 
2790 0.009436 1 
2790 0.010449 0 
2791 0.010666 1 
2791 0.010728 0 
2792 0.009412 1 
2792 0.009496 0 
2793 0.008510 1 
2793 0.014438 0 
2794 0.007572 1 
2794 0.008654 0 
2795 0.007718 1 
2795 0.010161 0 
2796 0.009214 0 
2796 0.010797 1 
2797 0.009318 1 
2797 0.014487 0 
2798 0.007725 1 
2798 0.011430 0 
2799 0.007655 0 
2799 0.007700 1 
2800 0.009101 1 
2800 0.014325 0 
2801 0.010954 0 
2801 0.011011 1 
2802 0.007399 1 
2802 0.011551 0 
2803 0.009926 1 
2803 0.010003 0 
2804 0.009696 1 
2804 0.020015 0 
2805 0.008562 0 
2805 0.010154 1 
2806 0.010269 0 
2806 0.010552 1 
2807 0.008648 1 
2807 0.011608 0 
2808 0.007996 1 
2808 0.010935 0 
2809 0.008559 1 
2809 0.008707 0 
2810 0.005932 1 
2810 0.009282 0 
2811 0.010017 1 
2811 0.012867 0 
2812 0.010265 1 
2812 0.010545 0 
2813 0.005798 1 
2813 0.008022 0 
2814 0.008742 1 
2814 0.012902 0 
2815 0.006910 1 
2815 0.011855 0 
2816 0.007563 1 
2816 0.011070 0 
2817 0.006539 1 
2817 0.008299 0 
2818 0.007996 0 
2818 0.009366 1 
2819 0.006717 1 
2819 0.008847 0 
2820 0.006604 1 
2820 0.008066 0 
2821 0.007051 1 
2821 0.008829 0 
2822 0.010363 0 
2822 0.015299 1 
2823 0.005313 1 
2823 0.010346 0 
2824 0.011256 1 
2824 0.011416 0 
2825 0.006853 1 
2825 0.008361 0 
2826 0.006267 1 
2826 0.008310 0 
2827 0.006106 1 
2827 0.010642 0 
2828 0.008612 0 
2828 0.009693 1 
2829 0.007997 1 
2829 0.009110 0 
2830 0.008972 1 
2830 0.014318 0 
2831 0.010109 0 
2831 0.010411 1 
2832 0.009810 1 
2832 0.013220 0 
2833 0.009192 0 
2833 0.009271 1 
2834 0.006959 1 
2834 0.016434 0 
2835 0.006700 1 
2835 0.010439 0 
2836 0.005692 1 
2836 0.008177 0 
2837 0.009438 0 
2837 0.009517 1 
2838 0.010247 1 
2838 0.010325 0 
2839 0.011094 0 
2839 0.011141 1 
2840 0.006837 0 
2840 0.008663 1 
2841 0.008040 0 
2841 0.010041 1 
2842 0.006926 0 
2842 0.010323 1 
2843 0.008312 0 
2843 0.012824 1 
2844 0.009382 1 
2844 0.009734 0 
2845 0.007013 1 
2845 0.016855 0 
2846 0.007980 1 
2846 0.009598 0 
2847 0.010314 0 
2847 0.015117 1 
2848 0.009162 0 
2849 0.008140 0 
2850 0.009036 0 
2848 0.046022 1 
2851 0.012739 0 
2849 0.061347 1 
2850 0.049599 1 
2852 0.016247 0 
2851 0.032866 1 
2852 0.016614 1 
2853 0.008057 0 
2853 0.012602 1 
2854 0.009233 0 
2854 0.012025 1 
2855 0.007254 1 
2855 0.008870 0 
2856 0.008539 0 
2856 0.011014 1 
2857 0.010164 1 
2857 0.010242 0 
2858 0.010117 0 
2858 0.010315 1 
2859 0.008958 1 
2859 0.016237 0 
2860 0.008717 1 
2860 0.014837 0 
2861 0.009745 1 
2861 0.009815 0 
2862 0.008566 0 
2862 0.010413 1 
2863 0.009745 1 
2863 0.013661 0 
2864 0.006186 1 
2864 0.010424 0 
2865 0.008953 1 
2865 0.013317 0 
2866 0.008058 1 
2866 0.008134 0 
2867 0.008275 1 
2867 0.017436 0 
2868 0.008725 0 
2868 0.010123 1 
2869 0.012520 1 
2869 0.012589 0 
2870 0.007074 1 
2870 0.009665 0 
2871 0.007857 1 
2871 0.012423 0 
2872 0.008597 0 
2872 0.008674 1 
2873 0.007690 1 
2873 0.014194 0 
2874 0.006554 1 
2874 0.007731 0 
2875 0.007471 1 
2875 0.007605 0 
2876 0.007774 1 
2876 0.014990 0 
2877 0.008121 1 
2877 0.010306 0 
2878 0.009746 0 
2878 0.009822 1 
2879 0.007680 1 
2879 0.014065 0 
2880 0.009090 1 
2880 0.009152 0 
2881 0.008238 1 
2881 0.008449 0 
2882 0.006822 1 
2882 0.011308 0 
2883 0.007903 1 
2883 0.008117 0 
2884 0.008289 0 
2884 0.010207 1 
2885 0.009038 0 
2885 0.009115 1 
2886 0.006350 1 
2886 0.009992 0 
2887 0.006277 1 
2887 0.008796 0 
2888 0.006089 1 
2888 0.008840 0 
2889 0.011561 1 
2889 0.011640 0 
2890 0.009233 0 
2890 0.012906 1 
2891 0.008184 1 
2891 0.010737 0 
2892 0.006458 1 
2892 0.008588 0 
2893 0.008722 0 
2893 0.011420 1 
2894 0.009012 1 
2894 0.009089 0 
2895 0.010165 1 
2895 0.010387 0 
2896 0.007037 1 
2896 0.008105 0 
2897 0.008925 0 
2897 0.009000 1 
2898 0.008822 0 
2898 0.011700 1 
2899 0.011821 0 
2899 0.014060 1 
2900 0.008167 1 
2900 0.014392 0 
2901 0.007138 1 
2901 0.010086 0 
2902 0.006920 1 
2902 0.007885 0 
2903 0.011713 1 
2903 0.011790 0 
2904 0.012314 1 
2904 0.012394 0 
2905 0.006078 1 
2905 0.009243 0 
2906 0.008720 1 
2906 0.008790 0 
2907 0.009694 0 
2907 0.011470 1 
2908 0.007705 1 
2908 0.012205 0 
2909 0.005962 1 
2909 0.014896 0 
2910 0.008285 0 
2910 0.011344 1 
2911 0.006824 1 
2911 0.010615 0 
2912 0.005836 1 
2912 0.022135 0 
2913 0.009038 0 
2913 0.009107 1 
2914 0.007588 1 
2914 0.013952 0 
2915 0.007952 0 
2915 0.010889 1 
2916 0.010301 1 
2916 0.012219 0 
2917 0.009996 0 
2918 0.009648 0 
2919 0.007390 0 
2920 0.008964 0 
2917 0.071710 1 
2918 0.055260 1 
2919 0.039729 1 
2920 0.025710 1 
2921 0.009158 0 
2921 0.011980 1 
2922 0.006821 1 
2922 0.015351 0 
2923 0.006350 1 
2923 0.012371 0 
2924 0.006449 1 
2924 0.008975 0 
2925 0.010088 0 
2925 0.011879 1 
2926 0.005731 1 
2926 0.015263 0 
2927 0.009260 1 
2927 0.009341 0 
2928 0.006032 1 
2928 0.011679 0 
2929 0.012768 0 
2929 0.012826 1 
2930 0.010312 1 
2930 0.010387 0 
2931 0.012418 1 
2931 0.012486 0 
2932 0.008676 0 
2932 0.010189 1 
2933 0.008974 1 
2933 0.009052 0 
2934 0.006942 1 
2934 0.009569 0 
2935 0.007714 1 
2935 0.014518 0 
2936 0.007665 1 
2936 0.009433 0 
2937 0.007528 1 
2937 0.013142 0 
2938 0.010628 0 
2938 0.010703 1 
2939 0.007919 1 
2939 0.007993 0 
2940 0.008789 1 
2940 0.013915 0 
2941 0.008928 0 
2941 0.009008 1 
2942 0.010818 1 
2942 0.013858 0 
2943 0.006038 1 
2943 0.016135 0 
2944 0.008964 1 
2944 0.013553 0 
2945 0.009326 1 
2945 0.013593 0 
2946 0.005715 1 
2946 0.008698 0 
2947 0.006438 1 
2947 0.011444 0 
2948 0.005869 1 
2948 0.013196 0 
2949 0.005744 1 
2949 0.007864 0 
2950 0.007759 1 
2950 0.014324 0 
2951 0.007250 1 
2951 0.008971 0 
2952 0.007837 1 
2952 0.014756 0 
2953 0.007683 1 
2953 0.011425 0 
2954 0.006516 1 
2954 0.011638 0 
2955 0.006941 1 
2955 0.008759 0 
2956 0.008335 1 
2956 0.009273 0 
2957 0.008375 1 
2957 0.010082 0 
2958 0.009409 1 
2958 0.013013 0 
2959 0.008817 0 
2959 0.010669 1 
2960 0.009665 0 
2960 0.009729 1 
2961 0.005783 1 
2961 0.013013 0 
2962 0.008168 1 
2962 0.015438 0 
2963 0.008295 1 
2963 0.008355 0 
2964 0.011089 0 
2964 0.012681 1 
2965 0.006499 1 
2965 0.009707 0 
2966 0.006366 1 
2966 0.008757 0 
2967 0.008969 1 
2967 0.012857 0 
2968 0.009867 1 
2968 0.009943 0 
2969 0.008885 1 
2969 0.015366 0 
2970 0.012338 0 
2970 0.012399 1 
2971 0.007900 1 
2971 0.012927 0 
2972 0.010800 1 
2972 0.015406 0 
2973 0.008380 1 
2973 0.008595 0 
2974 0.010467 1 
2974 0.014163 0 
2975 0.009268 1 
2975 0.011523 0 
2976 0.009683 1 
2976 0.016547 0 
2977 0.009171 1 
2977 0.013595 0 
2978 0.006690 1 
2978 0.012917 0 
2979 0.010065 1 
2979 0.017572 0 
2980 0.009543 1 
2980 0.012541 0 
2981 0.009899 1 
2981 0.013652 0 
2982 0.006186 1 
2982 0.012749 0 
2983 0.007704 1 
2983 0.011026 0 
2984 0.012217 1 
2984 0.012278 0 
2985 0.007457 1 
2985 0.011905 0 
2986 0.009306 1 
2986 0.009711 0 
2987 0.012919 1 
2987 0.014032 0 
2988 0.006486 1 
2988 0.008531 0 
2989 0.007954 1 
2989 0.014574 0 
2990 0.012609 0 
2990 0.013124 1 
2991 0.007469 1 
2991 0.011999 0 
2992 0.008117 1 
2992 0.012019 0 
2993 0.008753 1 
2993 0.011717 0 
2994 0.008063 1 
2994 0.013506 0 
2995 0.009435 1 
2995 0.009511 0 
2996 0.009803 1 
2996 0.014699 0 
2997 0.006625 1 
2997 0.010616 0 
2998 0.009696 0 
2998 0.009745 1 
2999 0.013754 0 
2999 0.030797 1 
3000 0.014608 1 
3000 0.014652 0 
3001 0.007890 0 
3001 0.010679 1 
3002 0.012509 0 
3002 0.013965 1 
3003 0.008189 0 
3003 0.009977 1 
3004 0.007416 1 
3004 0.013953 0 
3005 0.008440 0 
3005 0.008508 1 
3006 0.007161 1 
3006 0.008870 0 
3007 0.007885 1 
3007 0.010030 0 
